18.5 6.5 5.7 5.9 5.4
22.5 6.0 6.6 5.2 5.6
23.0 6.8 4.7 6.9 4.3
19.4 6.3 5.8 5.4 5.5
27.3 4.3 6.1 5.0 4.6
27.2 5.5 6.2 5.2 5.5
22.6 6.7 4.6 6.9 5.9
21.3 5.1 5.9 6.8 4.1
19.0 6.4 6.1 6.7 4.8
20.5 4.5 6.4 4.9 4.8
27.3 5.1 5.3 4.9 5.2
25.3 5.1 5.4 6.4 6.7
24.8 6.9 4.7 6.8 4.3
26.5 4.6 4.5 5.0 4.1
28.0 6.1 5.5 6.8 5.5
23.6 6.2 4.7 4.8 4.5
25.7 6.2 4.8 6.8 5.7
28.0 4.6 4.4 4.7 4.4
18.1 5.2 6.4 6.3 5.5
27.0 4.1 5.5 6.5 6.5
21.5 4.4 4.4 6.6 6.1
20.2 4.6 6.5 5.0 7.0
26.5 6.3 5.8 4.7 5.7
21.2 4.1 5.4 4.6 4.9
23.1 6.1 4.6 6.5 4.1
23.4 5.1 5.7 5.8 5.8
21.2 4.1 4.5 4.8 6.5
24.4 6.6 5.1 6.6 4.6
19.3 4.2 5.7 6.9 6.0
18.4 5.5 5.8 5.6 5.2
25.8 6.7 6.9 6.1 5.8
24.6 5.0 5.7 5.1 6.8
21.1 5.1 5.7 4.2 6.3
19.4 6.9 6.4 6.4 4.2
25.6 4.1 4.0 4.3 5.4
18.5 4.5 5.1 6.3 6.0
19.2 4.4 7.0 5.0 7.0
22.4 5.6 6.1 6.6 6.8
26.5 5.5 6.9 4.8 4.1
26.6 6.2 4.6 4.1 4.1
26.0 4.1 4.4 5.5 5.5
21.6 4.2 5.7 5.7 5.5
21.2 5.6 5.4 4.1 5.3
24.8 4.1 6.8 6.4 5.6
25.8 4.4 4.3 4.3 4.4
24.3 5.8 5.2 5.9 4.8
22.8 4.7 5.5 7.0 4.8
26.6 6.9 5.9 5.6 4.1
24.7 6.2 6.2 5.9 4.1
20.0 5.1 4.5 6.6 5.3
21.6 4.8 5.0 5.5 5.6
25.2 5.6 4.3 4.6 5.6
27.1 5.6 5.6 6.1 5.4
26.2 6.1 5.1 4.2 5.8
22.5 6.2 5.3 6.4 4.9
24.9 5.0 5.5 6.2 6.1
20.0 4.3 6.6 4.7 6.6
22.9 4.4 6.9 4.7 4.5
22.8 5.8 4.2 4.0 6.5
21.9 6.8 6.5 4.3 5.2
20.2 5.7 5.9 4.4 5.8
26.9 4.9 5.7 4.7 4.6
24.2 4.0 5.1 4.8 4.5
27.0 5.7 4.2 5.4 4.3
23.3 6.0 4.4 5.7 4.1
22.1 5.8 6.0 5.3 4.8
20.2 4.9 4.8 4.1 5.5
26.7 6.2 6.0 4.6 6.2
19.2 5.8 4.9 6.6 5.3
27.1 6.8 4.8 5.2 5.0
20.8 6.5 6.5 5.7 6.1
27.5 5.6 5.4 6.7 5.1
19.6 6.9 6.7 6.6 6.6
27.8 6.9 4.5 6.8 5.0
20.2 4.5 5.0 5.3 6.4
23.2 4.5 4.9 5.3 6.9
25.0 4.5 5.7 6.3 4.3
19.0 6.8 5.9 6.8 5.8
23.3 5.7 6.1 5.1 4.0
20.5 5.8 5.0 4.9 4.9
18.1 6.0 6.8 4.5 5.0
19.4 4.5 5.8 5.6 6.4
22.2 4.1 5.3 6.1 4.8
26.5 6.7 4.5 4.1 6.4
23.6 5.8 4.8 6.3 4.3
25.5 4.2 6.2 6.9 6.9
22.3 6.0 5.8 4.8 4.4
21.5 6.3 5.0 6.0 4.4
19.6 5.1 5.5 7.0 5.2
27.7 5.7 5.8 4.9 4.3
24.3 5.0 5.8 6.0 6.6
27.0 5.1 5.4 5.1 5.5
23.9 4.2 5.0 5.9 6.6
19.2 6.9 5.9 4.5 5.9
18.2 5.4 4.5 6.1 4.6
25.4 4.5 5.2 4.1 5.5
21.6 6.1 4.5 6.0 5.8
18.4 5.8 4.8 4.4 6.3
23.4 4.1 4.9 4.1 5.9
27.6 4.6 6.3 5.8 4.7
20.6 4.3 6.3 6.1 5.1
18.5 6.4 4.6 5.8 4.0
20.9 4.1 5.4 5.8 4.9
18.8 5.7 4.4 6.8 5.7
25.1 5.9 5.3 5.2 5.1
20.4 5.5 4.7 7.0 4.5
27.7 6.1 6.4 5.3 5.3
20.6 4.1 5.0 6.3 4.6
27.6 6.1 4.0 4.1 6.1
20.3 5.6 6.7 6.4 6.7
26.2 4.3 5.2 4.5 5.3
18.7 6.0 5.0 6.5 5.6
25.6 5.4 6.0 4.6 6.0
19.0 5.6 4.8 4.5 4.0
25.5 5.1 6.8 5.5 4.2
22.9 5.9 5.8 4.9 4.8
18.3 4.7 4.8 5.9 4.5
23.5 5.2 5.4 6.0 5.9
19.8 4.9 6.9 6.8 5.5
21.9 4.8 6.1 5.5 6.9
22.3 6.5 5.9 5.1 6.9
23.7 4.7 6.4 4.7 6.2
21.7 5.2 5.5 5.9 6.8
27.7 6.1 6.6 4.6 4.4
21.5 6.4 6.0 6.5 5.9
26.7 6.5 4.0 5.6 5.5
21.6 4.1 5.1 7.0 6.6
25.1 5.0 6.7 5.7 4.7
21.6 4.4 5.1 6.9 5.7
22.7 4.7 4.2 5.5 6.3
21.4 6.8 7.0 6.5 4.2
26.1 4.6 5.8 4.6 5.8
25.9 4.8 4.9 5.4 4.9
20.9 5.0 6.8 6.7 4.5
26.8 4.9 4.9 4.3 4.1
27.5 4.6 4.8 4.9 5.3
25.5 4.9 4.7 5.4 4.4
22.9 4.7 4.3 6.5 6.3
26.4 5.6 4.9 5.8 6.1
20.9 4.3 5.0 5.9 4.8
23.4 4.9 4.2 5.8 5.2
20.4 6.7 6.7 6.9 5.9
23.6 5.3 4.9 4.9 5.4
26.1 6.7 6.1 5.0 4.2
22.2 6.3 6.9 5.3 6.6
22.1 5.8 5.3 6.6 6.6
23.0 6.2 4.2 5.3 4.2
18.6 5.0 6.1 6.7 4.4
19.0 4.5 6.4 6.7 6.8
21.2 6.0 4.5 4.1 6.8
19.9 4.9 4.5 6.5 6.2
24.7 6.4 5.9 5.3 4.9
21.6 5.9 5.2 5.6 6.8
22.3 6.8 5.6 5.9 6.5
26.2 4.0 6.9 6.8 4.8
24.1 4.8 4.2 5.6 5.9
18.4 6.5 5.9 6.4 5.8
27.0 5.5 5.4 4.7 4.5
24.4 4.6 6.7 6.5 5.6
27.0 6.5 5.3 5.6 4.8
18.7 4.1 6.5 6.1 4.9
19.3 6.2 4.2 4.4 5.8
23.1 6.8 6.6 5.2 4.7
20.8 6.3 6.2 4.4 5.3
20.3 4.3 5.4 4.0 5.2
21.0 6.8 5.3 5.1 6.8
27.2 6.4 4.8 6.3 6.7
27.6 4.1 6.4 5.5 5.2
26.4 5.7 5.0 6.5 5.4
25.8 6.8 5.2 4.0 5.3
22.3 4.0 4.1 5.6 6.2
27.1 4.3 5.7 4.3 4.1
25.2 5.9 4.9 5.8 5.3
22.2 4.6 5.7 5.8 4.5
20.6 4.0 5.7 4.9 6.2
21.8 4.6 6.7 4.7 4.8
21.5 4.7 4.5 5.8 4.4
19.9 6.8 6.6 5.8 5.3
19.6 5.4 6.6 6.7 4.5
18.3 6.9 4.2 6.7 5.4
25.5 5.3 4.5 5.9 4.4
23.5 6.5 4.4 4.1 7.0
19.9 6.4 6.4 5.3 4.7
19.0 4.3 4.2 4.0 4.2
27.9 4.3 4.6 4.9 5.0
24.2 5.3 4.4 4.2 4.2
25.9 6.3 4.0 5.4 6.9
21.2 5.0 6.5 6.5 6.2
27.7 5.3 5.4 5.9 6.8
25.0 5.3 5.3 6.1 5.6
26.3 4.1 6.0 5.6 6.6
22.5 5.5 4.4 6.1 6.7
21.8 4.3 6.6 5.8 6.5
18.3 6.0 6.1 4.9 5.5
20.8 5.5 5.0 5.2 5.9
25.8 5.4 6.0 4.5 4.3
27.1 4.4 6.2 5.1 6.3
21.3 5.4 5.6 4.9 6.4
20.1 6.6 6.7 4.9 5.6
27.2 5.5 4.2 4.7 4.2
19.3 5.5 4.1 5.1 4.8
20.0 5.8 5.5 4.4 5.5
26.8 6.4 6.0 4.8 5.5
18.2 6.3 5.8 5.0 6.7
24.5 6.0 4.6 5.3 6.6
26.9 5.7 5.9 5.1 4.9
22.6 6.6 4.6 4.6 4.7
23.7 5.9 6.6 5.7 4.2
25.3 5.7 5.8 5.0 4.6
22.0 4.9 4.0 5.9 5.7
24.9 4.3 4.6 4.2 4.8
18.9 4.7 5.7 6.2 6.7
25.5 5.0 5.9 6.4 5.4
25.5 6.1 4.2 4.7 4.6
19.0 6.9 5.5 6.2 6.6
18.5 5.9 6.4 4.2 4.7
23.9 5.4 5.2 5.5 4.0
20.2 5.8 4.9 7.0 5.1
21.4 6.5 5.3 5.7 6.3
20.4 5.7 4.3 5.3 6.4
21.3 6.3 5.5 5.0 5.3
24.4 4.6 5.6 6.3 4.8
24.7 6.4 6.9 6.4 7.0
26.9 6.5 5.3 5.5 6.4
20.3 6.3 5.5 7.0 4.1
21.7 5.9 6.1 5.3 6.9
21.7 6.0 6.7 6.7 6.4
19.6 5.6 6.0 4.2 4.5
27.0 4.8 6.0 5.2 6.8
26.0 6.7 6.6 6.8 4.1
19.7 6.1 5.4 5.3 5.1
23.7 6.3 5.6 4.3 4.6
25.7 5.8 4.4 6.9 6.4
27.4 5.0 7.0 4.2 5.5
25.1 5.4 4.6 5.1 5.5
26.6 5.1 6.4 5.4 5.4
21.5 6.7 5.4 4.5 4.9
18.8 6.6 5.9 5.1 6.7
26.5 6.5 5.8 5.6 6.9
22.0 5.6 6.8 5.9 6.0
19.0 4.3 5.2 5.0 5.3
25.5 4.1 4.5 4.0 5.1
26.9 5.0 5.6 5.0 5.6
18.7 5.0 6.6 6.4 4.1
23.6 4.5 5.6 6.6 6.3
20.4 6.7 5.7 5.1 5.3
18.9 6.9 4.7 4.4 4.9
25.6 4.5 4.3 5.8 4.3
25.8 5.2 4.6 5.9 6.1
25.4 4.8 6.4 5.9 6.0
27.7 4.6 5.6 6.7 4.6
20.5 6.1 5.6 4.7 5.7
18.7 4.1 4.5 4.3 5.6
21.6 6.1 5.1 6.9 6.2
23.6 6.6 4.3 5.3 5.2
26.4 6.2 6.3 5.1 5.9
20.1 6.6 6.2 4.6 6.5
22.6 4.8 4.6 4.0 4.7
23.4 4.1 4.1 4.1 4.4
19.7 6.4 6.9 6.5 4.2
21.8 4.9 4.7 5.5 5.6
25.7 5.0 5.1 4.7 6.7
20.8 6.3 5.3 5.5 4.5
24.8 5.5 6.4 4.4 6.7
27.5 6.3 5.9 5.9 4.7
26.8 5.9 6.7 4.2 6.0
18.3 5.0 5.2 6.5 6.7
23.2 4.2 6.2 5.2 4.7
19.5 6.0 4.5 5.6 5.1
21.1 5.2 4.3 6.3 5.6
20.7 6.6 4.9 6.6 4.7
22.4 4.6 6.7 4.7 6.4
21.4 6.6 5.7 6.3 4.8
27.5 6.0 5.8 6.8 4.5
18.8 4.7 6.5 5.8 4.5
19.7 6.0 4.5 5.4 4.1
25.3 5.3 4.8 5.5 6.9
25.4 6.0 7.0 5.0 6.7
21.1 4.5 6.0 6.1 5.9
22.1 4.2 4.7 6.1 5.1
24.1 5.7 6.8 5.1 5.8
19.7 6.7 6.2 5.5 6.6
25.9 4.2 5.6 5.5 5.4
24.0 5.8 6.2 6.5 5.9
21.0 6.3 6.4 6.7 5.2
25.0 4.9 6.0 6.5 6.0
20.3 6.4 4.6 6.6 4.8
20.0 5.9 6.8 5.4 5.5
19.7 4.0 5.7 4.8 5.7
21.2 5.3 5.1 4.6 4.0
22.2 6.5 6.5 5.3 4.9
24.3 5.2 4.6 6.3 6.2
23.2 4.7 5.6 6.6 6.6
25.1 4.9 5.8 4.2 4.1
25.9 4.1 6.7 6.1 5.7
21.0 4.9 6.4 5.6 6.1
22.7 4.1 5.1 6.2 6.6
27.6 5.9 5.5 5.6 6.5
19.2 6.1 5.8 4.1 5.5
27.8 6.3 4.9 5.5 5.5
22.2 4.4 4.8 4.3 4.4
18.7 6.3 5.5 5.2 5.8
21.9 4.0 4.0 4.4 6.9
24.2 4.8 5.5 5.1 4.2
24.3 5.9 6.1 6.7 5.2
27.0 5.6 6.2 4.3 6.8
27.4 4.9 5.0 4.5 5.9
24.8 4.6 6.3 4.6 5.6
24.9 5.7 6.4 7.0 6.1
20.0 5.8 6.2 4.8 5.0
24.2 5.9 4.4 6.5 6.3
20.8 5.1 6.2 6.5 5.1
26.2 6.4 4.9 5.5 6.6
19.9 4.4 6.9 6.4 5.9
18.5 4.9 5.7 5.1 6.5
22.6 6.7 4.2 6.4 4.3
19.2 5.5 4.8 4.6 6.9
25.3 7.0 5.2 6.8 4.8
24.8 4.9 4.1 5.0 4.1
18.8 6.9 5.8 6.2 4.7
21.2 5.0 4.1 5.3 4.4
27.3 5.7 5.8 5.1 6.0
18.3 5.5 6.0 6.3 5.6
22.0 4.7 6.3 4.4 5.2
18.6 6.7 6.5 6.7 5.1
24.7 6.8 4.5 4.7 5.8
19.8 5.2 6.8 5.6 5.8
23.3 5.8 4.8 6.2 4.3
21.7 6.5 6.0 5.3 5.4
22.0 6.2 4.9 5.0 6.0
19.4 6.6 5.0 5.2 6.5
24.6 4.5 6.0 6.8 5.1
23.7 6.1 4.7 5.7 6.7
25.9 4.7 6.8 5.2 6.4
26.1 5.1 6.8 4.2 4.5
23.3 4.8 6.5 6.2 5.3
24.0 5.4 6.5 6.5 5.3
25.2 6.6 6.8 6.9 6.8
22.1 6.6 4.7 4.0 5.6
24.5 6.2 4.2 5.2 4.1
19.5 6.4 6.8 4.7 6.6
22.2 4.2 5.8 4.5 4.5
24.9 6.7 6.6 4.4 6.2
24.2 6.7 4.1 5.2 5.8
27.3 4.2 5.1 6.5 6.8
27.8 5.6 4.9 6.1 6.9
27.1 4.4 6.2 5.8 6.4
21.4 4.8 7.0 6.0 4.6
22.8 6.2 4.3 6.2 4.7
23.8 5.2 4.5 6.8 4.3
23.2 6.2 4.4 6.1 4.2
25.6 5.0 6.6 4.8 6.1
27.6 6.1 5.8 4.8 5.5
22.8 6.7 6.7 4.7 6.6
25.8 4.7 6.3 6.6 5.0
27.6 6.9 6.0 6.6 4.9
22.4 5.2 5.6 5.6 6.1
21.1 5.9 5.4 4.3 6.8
24.4 4.3 5.7 5.2 6.8
18.5 5.3 5.3 4.2 6.9
19.5 6.2 6.4 6.5 6.5
20.9 4.2 4.2 4.4 5.4
22.2 5.9 6.4 5.6 5.1
27.2 5.9 7.0 5.2 5.3
27.8 6.1 6.3 6.3 5.9
21.0 4.5 4.4 6.0 7.0
20.1 5.0 4.9 4.7 6.9
27.7 4.2 4.3 5.7 6.9
25.2 6.3 4.6 4.4 4.2
21.9 5.0 5.7 4.5 4.5
23.1 5.6 6.8 6.3 6.5
25.1 5.6 5.8 5.0 5.7
18.5 5.3 5.5 4.1 4.8
24.6 6.7 4.2 5.5 6.4
25.2 6.0 4.4 6.1 4.9
19.4 4.4 6.2 4.9 4.3
22.5 5.5 6.3 5.3 4.3
22.5 4.7 5.8 5.0 6.4
23.6 6.7 4.4 6.1 4.1
20.6 6.8 5.9 5.7 6.1
26.2 5.2 5.6 4.8 5.7
18.7 5.7 5.0 4.1 6.0
25.8 6.5 5.2 5.2 6.2
25.7 5.4 6.5 6.5 4.1
21.5 5.2 4.4 6.1 4.7
24.5 6.9 6.4 4.8 6.6
22.1 5.5 6.1 4.8 6.6
19.6 6.0 4.7 5.8 4.8
22.3 4.5 7.0 5.1 5.9
23.5 4.2 6.4 6.7 6.1
19.6 5.8 5.1 4.1 5.8
19.5 4.4 4.8 6.3 5.8
23.2 4.3 5.1 5.9 6.4
22.3 4.4 5.2 4.5 6.9
27.5 7.0 4.8 6.2 6.2
22.0 6.3 4.2 6.2 5.5
26.1 6.7 4.3 4.3 6.8
18.4 6.6 5.3 6.6 4.6
18.8 5.3 6.0 6.1 5.2
21.3 4.6 5.6 6.2 6.1
26.1 5.2 6.8 6.5 6.9
23.7 5.6 5.9 4.2 4.3
20.6 4.0 4.1 5.8 4.6
27.4 5.1 5.8 4.6 4.5
27.1 5.9 5.2 6.1 5.6
25.3 5.1 5.4 4.4 4.7
21.6 4.4 5.4 5.0 5.2
25.4 5.0 6.0 6.9 6.1
24.6 6.5 5.7 4.7 6.5
20.7 6.3 4.4 5.2 5.4
26.7 6.4 6.3 6.9 4.8
26.3 5.6 4.4 6.2 5.3
21.5 5.7 6.1 5.0 6.3
25.3 4.1 5.1 7.0 4.6
26.4 5.8 6.9 6.6 5.6
26.7 5.0 4.6 5.5 6.5
20.3 5.5 6.4 5.0 4.5
21.8 6.3 5.1 6.9 4.6
19.1 4.2 5.4 6.5 6.3
18.6 4.6 5.5 6.9 4.2
23.4 5.3 4.1 4.3 5.3
25.6 4.7 4.3 6.4 4.9
19.0 5.1 5.0 5.3 5.2
24.0 5.7 4.9 5.4 6.8
19.1 6.7 5.6 4.7 4.9
21.0 5.1 6.9 6.9 5.5
18.3 4.0 6.3 5.0 5.6
25.2 6.4 5.2 6.0 5.3
25.4 6.5 4.6 5.5 4.6
26.9 4.1 5.2 4.7 4.4
25.1 6.6 6.2 4.7 5.8
22.8 5.1 5.2 6.8 6.5
22.8 5.3 4.3 5.5 4.2
22.5 5.9 4.1 6.8 6.9
25.6 4.1 5.1 4.3 6.5
26.4 5.3 6.8 5.8 5.5
27.5 6.5 5.2 5.4 5.2
20.9 4.6 4.8 5.4 5.6
19.4 4.6 5.3 6.2 5.1
27.9 4.8 5.3 5.7 5.6
24.6 6.7 5.5 5.2 5.1
27.2 6.9 5.9 6.1 6.1
20.2 5.4 6.9 4.1 4.9
24.2 5.2 4.0 5.4 6.0
23.9 5.5 4.7 6.0 4.6
24.0 4.6 6.8 6.7 6.5
26.2 6.3 6.8 5.7 7.0
18.3 5.4 4.0 6.7 6.1
23.9 4.1 4.2 6.4 4.6
19.3 4.6 6.6 6.9 6.9
26.3 5.9 5.8 5.9 5.9
23.7 6.8 5.9 5.6 7.0
26.9 5.8 6.8 6.6 7.0
22.6 6.4 5.7 5.7 5.7
20.7 5.7 4.1 6.2 4.8
24.4 4.8 4.1 4.9 6.0
19.9 6.1 5.9 4.5 5.7
19.8 6.5 6.6 5.7 6.7
27.5 6.2 5.9 5.7 6.1
23.0 6.8 6.0 4.5 5.6
22.1 6.5 5.1 4.6 6.4
20.3 4.8 6.5 4.5 6.2
24.8 6.1 4.3 5.3 5.0
27.0 5.4 5.6 6.0 6.2
19.9 4.8 4.4 5.3 6.3
26.1 5.6 6.7 4.1 4.5
24.8 4.9 5.6 5.4 6.6
19.2 4.8 4.7 4.2 4.2
24.0 6.9 5.2 6.7 6.5
21.3 6.1 6.1 4.3 4.5
27.9 6.0 6.1 5.5 4.1
26.3 4.6 5.7 6.7 5.1
20.5 4.8 5.6 4.3 4.7
18.3 6.2 4.6 5.0 5.3
18.8 4.8 4.4 4.1 5.6
27.9 4.2 5.1 6.5 6.3
18.7 4.5 4.7 5.4 5.7
26.6 5.3 6.1 6.9 6.3
22.8 4.2 4.6 6.0 4.7
25.7 4.7 5.4 4.5 5.0
24.7 5.6 4.9 4.2 4.7
27.5 4.6 4.2 5.6 4.5
27.4 5.7 6.5 5.0 5.3
27.6 4.6 6.0 6.1 6.1
22.1 6.2 4.6 5.7 4.5
25.1 4.5 6.7 5.0 5.1
26.2 4.4 5.3 4.8 5.9
21.7 4.5 6.1 5.8 4.6
23.9 5.5 4.2 4.2 4.5
20.1 5.6 7.0 4.5 6.4
18.0 5.8 5.3 4.6 7.0
23.7 4.7 5.8 6.6 5.9
22.7 4.8 6.0 4.7 4.6
27.1 5.8 6.8 4.1 4.4
18.7 6.5 4.9 6.2 4.9
19.3 5.5 5.6 4.1 4.2
23.3 6.2 6.6 4.6 6.9
19.5 6.7 4.5 5.0 5.8
20.2 5.8 4.1 6.8 6.4
23.9 4.5 6.4 4.5 4.3
24.2 6.1 5.5 5.0 4.8
21.8 5.6 4.6 6.1 4.5
19.8 5.3 4.1 4.3 5.0
22.4 5.4 6.4 6.6 6.0
23.1 4.7 4.5 4.4 6.2
21.8 4.7 4.8 6.7 4.9
21.9 5.7 5.9 6.0 5.2
24.9 6.5 5.3 6.8 4.5
25.3 7.0 4.6 5.7 5.5
21.1 6.9 4.0 6.2 5.2
26.9 6.2 4.1 4.8 6.0
26.8 5.3 6.3 4.5 5.0
22.2 4.6 5.2 6.8 5.9
27.1 6.3 5.7 4.0 5.0
20.4 5.3 6.7 4.8 6.5
24.5 4.4 5.3 5.2 6.5
26.0 5.2 6.8 5.1 6.5
20.4 5.4 5.1 6.6 6.0
22.7 5.5 4.1 4.6 6.0
24.9 5.4 4.8 4.8 4.7
23.0 5.3 6.8 4.6 5.3
27.6 5.5 6.1 6.0 4.4
20.7 6.6 5.0 4.9 5.6
24.0 5.4 6.6 4.6 4.9
20.0 4.9 5.0 6.6 7.0
22.7 5.5 5.2 6.6 7.0
19.8 6.4 5.2 5.6 7.0
18.5 5.5 7.0 5.3 6.6
23.8 5.4 5.5 4.4 5.8
27.5 5.0 4.0 5.1 4.6
24.3 5.4 6.9 4.5 6.5
23.8 6.8 6.4 6.4 6.4
19.4 6.8 5.5 5.2 4.1
23.9 5.8 6.5 6.3 5.7
22.2 6.1 4.6 5.4 4.4
23.3 6.6 6.7 6.3 4.1
25.8 4.2 6.7 6.0 4.5
23.3 6.0 5.3 5.6 4.7
27.9 5.8 6.6 6.9 4.3
21.5 6.0 4.6 5.7 4.1
24.5 6.7 5.5 5.4 4.2
27.1 4.4 6.6 4.8 6.5
27.6 5.2 6.1 6.1 4.3
23.5 5.1 5.6 5.8 6.5
22.1 4.1 5.9 5.7 5.7
21.9 5.6 5.7 6.8 5.4
26.8 6.8 6.0 4.5 5.7
24.3 6.1 5.0 4.9 4.4
21.1 4.7 5.6 6.1 6.5
18.0 4.9 4.9 4.0 6.5
27.2 6.0 4.5 6.6 5.2
26.8 4.1 5.0 4.4 4.2
23.3 5.6 6.5 6.9 5.9
18.6 5.5 6.9 5.5 6.0
24.8 4.1 6.9 4.5 5.7
22.5 6.8 5.2 4.5 5.7
27.8 5.9 5.4 6.9 6.2
22.9 5.9 5.7 6.2 4.6
23.2 5.0 4.0 5.7 5.3
26.4 6.3 6.6 4.6 4.4
20.3 6.9 5.4 4.7 5.0
18.7 4.7 5.7 5.7 5.5
21.4 5.5 6.6 5.1 6.3
20.9 5.3 5.1 5.9 5.6
23.4 6.1 4.0 4.2 6.1
19.8 5.0 5.3 4.0 4.0
23.7 6.9 6.0 4.3 7.0
25.2 6.6 6.2 6.7 6.9
23.1 6.0 6.5 6.4 5.4
24.4 6.8 6.4 4.5 4.8
25.4 6.4 5.4 4.2 6.0
22.0 5.4 5.8 5.0 5.4
25.2 5.7 6.8 6.0 6.9
19.8 5.6 4.7 6.8 5.0
23.0 4.8 6.4 5.8 4.3
25.9 4.7 6.9 6.6 4.5
27.8 6.8 6.0 4.9 6.5
20.9 4.9 5.6 4.5 6.0
23.6 6.4 5.1 6.7 6.5
21.3 5.9 6.2 4.3 5.7
19.1 4.4 5.7 5.1 5.1
21.2 5.1 5.6 4.8 6.9
23.1 6.2 6.3 5.5 6.6
26.9 6.8 6.9 5.2 5.4
23.0 6.8 6.5 5.1 6.6
18.4 7.0 5.3 5.0 6.7
22.4 5.8 5.1 4.1 5.5
20.7 4.1 4.8 6.9 5.8
24.5 6.2 7.0 5.8 6.7
27.2 6.5 4.2 5.4 6.8
20.0 6.8 4.4 6.1 4.0
18.6 4.3 4.2 5.1 6.4
23.7 5.6 4.3 4.6 5.0
21.8 6.2 6.5 6.4 4.7
21.6 4.6 5.8 6.9 5.8
20.1 4.7 4.8 6.9 5.3
22.8 6.9 6.6 4.1 4.4
19.9 6.2 4.1 6.6 4.5
26.6 5.2 4.3 6.0 4.9
27.2 6.6 4.9 6.2 6.8
24.5 4.2 5.9 5.7 6.7
27.0 4.9 6.1 6.2 6.8
19.2 4.4 4.7 4.9 4.7
27.4 6.9 4.1 6.9 5.3
22.7 6.1 4.9 5.4 4.2
24.3 5.2 5.3 4.5 4.4
23.0 6.7 6.1 6.8 4.9
26.2 5.4 5.2 4.9 5.3
21.3 4.7 6.3 5.4 6.0
24.1 5.6 4.4 4.5 6.6
19.5 5.8 6.0 6.3 6.2
26.6 5.8 6.9 5.4 5.1
23.4 5.0 4.6 6.3 6.7
19.1 6.3 6.5 4.3 4.9
25.5 6.1 6.6 4.7 5.0
19.4 4.0 6.2 5.0 5.1
20.4 5.1 5.8 4.9 6.9
26.7 6.4 4.6 5.5 5.8
24.2 5.6 5.0 6.4 5.8
20.5 5.8 4.6 6.2 4.7
20.9 4.8 5.3 4.2 5.4
25.1 5.4 6.6 6.9 4.9
26.0 5.8 6.6 4.8 6.1
25.3 4.9 5.0 6.8 6.5
24.9 6.0 6.1 5.6 4.8
26.8 5.7 5.1 6.4 4.6
20.6 5.4 5.5 4.5 5.6
23.5 6.7 4.5 4.6 5.8
25.7 4.5 4.9 5.1 5.7
19.1 5.8 5.0 6.1 5.8
18.7 5.9 5.8 4.9 6.7
27.9 4.3 6.1 4.9 5.4
24.1 5.8 4.2 5.8 6.3
26.7 5.3 5.2 6.5 5.1
24.7 6.4 6.0 6.2 5.0
23.5 5.1 6.1 5.0 5.7
18.2 4.5 4.8 5.9 5.7
25.7 5.7 4.9 5.4 4.5
27.8 4.1 4.4 4.9 5.1
18.5 4.5 6.2 6.6 5.5
21.6 5.5 6.7 4.7 4.3
26.3 4.8 5.0 5.2 4.4
19.8 4.3 6.2 4.3 5.9
23.9 6.0 4.3 5.1 5.4
28.0 6.5 5.5 5.3 4.6
26.0 6.7 5.8 4.9 6.2
26.6 5.6 6.0 4.1 4.2
21.5 5.6 6.1 6.3 6.3
27.9 6.1 6.3 6.2 6.4
18.1 6.2 6.6 4.0 5.1
18.9 7.0 5.8 4.3 5.0
26.6 6.1 6.8 4.0 6.2
22.9 4.9 4.1 4.2 5.4
26.4 4.7 4.5 5.2 4.4
20.6 6.1 4.8 5.9 4.9
23.3 5.8 5.9 5.8 6.7
24.3 5.5 6.7 6.1 6.8
23.1 4.5 4.7 4.4 6.0
26.9 6.7 6.9 6.0 4.7
18.3 6.8 5.3 5.6 6.4
26.5 6.6 4.0 6.1 4.1
21.9 4.6 4.6 6.2 5.1
24.6 5.7 4.4 4.1 6.8
21.2 5.9 5.2 6.0 5.9
27.9 5.5 6.5 6.3 5.2
19.1 5.2 4.3 6.9 5.9
25.0 4.5 4.6 6.1 4.6
24.1 6.1 6.2 5.8 5.4
23.7 4.2 4.9 5.7 5.6
24.7 6.5 6.4 4.1 4.1
23.2 4.6 6.9 4.0 4.0
24.6 6.9 5.4 5.2 5.9
19.8 5.3 5.0 6.4 6.6
21.9 4.4 5.7 6.9 6.4
21.1 5.0 6.8 5.4 5.0
26.7 4.2 6.3 7.0 5.4
18.1 6.7 5.5 5.8 6.3
25.8 6.6 5.5 6.6 6.4
18.0 6.6 4.1 6.1 5.7
26.9 4.4 5.0 4.4 4.3
18.8 4.2 7.0 5.3 6.3
25.0 6.8 4.6 5.2 5.0
26.1 5.5 5.2 6.6 6.6
26.6 6.4 6.5 4.1 5.8
22.4 6.6 5.7 6.2 4.8
27.7 7.0 5.5 4.1 4.0
27.3 6.2 5.8 5.6 5.7
25.8 4.2 6.1 5.9 6.2
27.5 7.0 6.1 4.9 5.5
19.8 5.5 4.2 6.1 4.9
25.5 5.1 6.4 6.9 4.6
26.7 4.2 6.6 6.3 5.8
25.9 5.2 5.6 4.7 6.6
20.1 6.9 6.9 5.2 4.9
27.7 5.0 4.2 4.3 4.5
24.0 5.4 5.4 5.2 7.0
25.8 4.9 4.8 6.4 4.6
20.0 4.1 5.5 5.6 5.9
24.7 5.5 6.7 5.9 4.8
25.5 4.5 5.1 6.6 6.3
18.1 5.0 6.5 6.4 4.0
27.5 7.0 5.4 6.3 4.2
18.9 6.0 6.3 4.1 6.9
27.6 6.7 4.4 6.2 5.8
22.6 5.9 5.9 4.6 6.0
20.1 4.9 5.1 4.5 5.8
27.1 4.9 4.6 6.7 4.3
22.3 5.3 4.8 4.4 5.5
24.1 5.1 4.9 4.6 6.2
21.9 5.6 6.9 6.5 5.3
24.5 5.1 6.1 6.8 5.9
27.5 4.9 6.4 5.3 6.5
24.1 4.3 4.8 5.8 4.7
23.7 5.0 6.8 6.2 5.4
21.7 4.2 4.1 6.7 6.3
26.6 4.7 6.2 5.2 6.1
24.1 5.2 4.4 4.7 5.3
26.8 6.4 6.3 6.1 5.4
25.9 5.4 6.1 4.7 6.4
20.9 4.9 4.4 4.9 5.2
26.0 4.9 4.8 6.2 6.6
25.8 6.7 6.9 4.2 4.1
18.9 6.5 5.3 4.6 5.8
18.4 6.2 6.0 5.4 4.7
25.4 5.1 4.4 5.5 4.4
18.9 4.5 4.3 6.5 5.7
20.7 6.1 5.5 5.4 5.6
19.9 4.3 5.8 6.6 4.2
25.0 5.3 6.4 5.1 6.1
19.3 4.5 4.8 4.5 5.2
21.9 6.4 4.3 6.0 6.5
26.6 5.4 4.5 4.5 6.6
27.1 4.4 5.4 4.9 7.0
18.6 4.2 6.0 5.7 5.0
20.4 6.8 6.1 6.8 6.8
18.9 6.0 6.5 4.0 6.8
25.6 6.5 4.5 5.3 4.1
20.3 4.0 6.3 5.6 4.2
20.4 4.3 5.5 4.4 6.7
27.4 4.6 6.0 4.3 5.2
23.1 6.7 5.1 4.3 5.1
23.8 5.0 5.9 5.1 4.7
27.2 4.8 7.0 4.2 6.8
26.6 6.5 4.3 6.4 6.9
22.9 4.4 4.1 5.2 6.4
21.1 4.7 6.7 6.0 6.5
26.8 6.6 4.7 7.0 5.1
19.6 5.9 4.3 5.9 4.7
22.3 4.8 6.1 4.1 4.6
23.8 5.2 6.4 6.7 4.3
19.1 6.1 5.2 6.2 4.8
20.3 5.4 4.7 5.8 6.3
23.7 6.1 6.3 6.3 5.1
23.9 4.9 5.3 6.8 4.5
19.5 6.5 5.5 5.7 7.0
22.4 5.9 5.9 4.7 4.8
24.4 6.9 6.5 5.3 4.9
18.5 5.4 5.7 4.6 6.3
23.9 4.3 6.0 5.5 4.2
20.7 4.3 5.7 6.4 6.3
22.4 5.9 6.1 5.2 5.5
23.5 4.0 5.5 6.3 6.3
24.9 6.1 5.7 5.3 4.3
18.8 4.0 6.9 4.8 6.8
21.1 4.8 4.9 6.5 5.8
22.8 4.2 4.3 6.1 5.5
27.4 4.5 4.4 4.4 6.3
22.4 5.3 5.7 5.8 4.3
19.2 4.8 6.3 5.5 4.5
19.2 6.2 6.6 5.8 6.9
24.7 5.5 6.1 6.8 6.9
21.3 6.3 4.8 5.3 5.1
24.4 5.3 4.8 4.8 4.1
22.7 6.9 4.2 4.8 5.7
24.6 4.6 5.0 4.4 6.1
18.2 5.1 6.4 5.6 6.8
22.0 4.5 6.1 4.8 6.4
20.6 6.4 4.8 6.2 4.4
27.3 4.9 6.3 6.9 6.1
26.7 6.0 4.1 4.3 5.5
25.1 5.7 6.5 6.0 6.7
21.7 5.3 5.5 7.0 4.3
25.9 5.9 5.2 6.8 5.2
24.6 5.9 5.9 4.8 4.9
24.0 4.3 6.8 6.6 6.4
26.4 4.4 5.0 6.7 4.6
23.0 5.4 5.1 4.9 5.4
19.5 7.0 6.6 5.3 5.0
27.7 6.2 6.9 4.6 4.7
22.1 5.6 4.1 6.6 6.3
21.0 6.3 5.1 5.9 6.2
24.6 6.3 4.7 4.4 4.9
25.0 5.2 6.2 4.5 5.1
25.4 5.9 5.8 6.0 4.4
26.0 5.2 5.4 7.0 6.2
21.4 5.2 4.4 5.9 6.3
20.1 5.1 5.1 5.2 4.3
26.4 6.1 5.5 5.3 4.2
22.4 5.7 6.5 5.1 6.4
27.3 5.7 5.2 5.4 5.6
25.1 4.1 5.5 6.4 6.0
23.8 4.6 6.3 4.1 6.2
20.5 5.1 4.9 6.1 5.3
20.0 5.0 5.5 6.2 5.2
20.0 6.4 6.9 6.9 6.4
20.0 4.2 5.3 5.6 6.3
20.5 5.3 4.7 4.7 6.9
20.9 5.0 4.7 6.0 4.6
22.6 6.8 5.9 4.3 6.1
27.4 4.2 4.7 5.6 4.4
20.8 6.6 5.8 6.9 4.4
24.0 6.2 5.5 6.7 5.5
21.4 5.5 4.5 5.9 6.8
18.6 4.3 5.4 6.2 6.3
18.5 6.0 6.3 4.0 6.3
22.6 5.2 6.5 4.0 4.3
23.3 4.3 6.6 5.4 6.6
24.3 5.2 4.3 5.3 4.6
20.1 4.5 6.8 7.0 6.8
21.7 6.2 5.0 6.0 4.6
19.1 6.8 4.4 6.8 6.2
23.6 4.1 6.5 4.7 5.5
22.7 4.2 6.3 5.3 5.9
24.4 6.5 6.1 5.0 4.8
27.3 5.0 5.9 4.3 6.8
19.2 5.7 5.4 6.6 4.8
20.8 4.6 4.9 6.3 5.1
20.3 4.3 6.5 4.3 5.4
24.4 6.8 5.2 6.3 4.9
19.1 7.0 6.7 4.0 4.1
19.7 6.2 7.0 4.3 6.9
20.5 4.2 4.6 5.2 5.4
21.3 6.2 4.2 6.8 5.4
26.7 4.4 5.2 5.4 4.8
19.3 4.6 6.7 6.0 4.4
18.2 4.0 4.3 4.1 4.4
27.9 5.3 4.5 5.5 5.2
18.4 6.6 5.0 4.5 4.4
22.7 5.2 6.9 4.2 5.3
26.1 4.9 4.5 6.0 5.9
25.9 5.4 5.2 5.1 4.1
26.3 6.9 5.6 6.3 4.2
21.4 5.1 5.6 5.7 5.0
25.6 4.8 6.9 4.3 5.8
23.2 5.5 4.4 6.4 6.1
20.8 6.7 7.0 5.7 5.1
26.0 6.6 5.9 6.9 5.2
18.0 4.9 6.9 4.9 5.4
19.7 4.4 4.1 4.4 6.5
22.0 4.4 6.0 5.0 6.0
24.5 4.6 4.5 4.2 5.0
23.9 6.9 5.9 5.4 5.3
23.5 5.1 6.8 4.9 6.3
23.4 4.2 4.9 6.1 6.2
19.0 6.5 4.1 4.8 4.2
21.9 6.6 6.4 6.6 6.9
25.9 4.1 6.3 4.9 4.7
18.1 4.8 5.2 6.8 6.8
25.2 5.6 6.2 6.5 4.7
21.0 5.7 5.2 5.7 5.9
21.4 4.2 6.3 4.5 6.0
22.1 6.8 6.3 4.1 6.4
25.0 5.2 6.8 6.4 5.3
21.0 6.2 6.3 6.4 4.3
19.0 5.2 4.4 5.7 4.6
22.0 6.9 4.2 6.4 6.7
28.0 6.0 4.0 4.6 5.5
18.8 4.5 6.3 5.3 4.0
24.3 6.3 6.7 4.2 4.1
18.9 4.2 6.3 7.0 6.1
24.0 4.7 4.3 5.2 4.0
22.5 5.0 5.2 6.5 6.6
26.8 6.5 5.6 5.1 5.6
27.3 5.4 5.3 4.4 6.6
24.1 4.5 4.7 4.2 4.3
20.3 4.3 5.3 5.7 6.7
18.4 5.7 5.0 4.3 6.9
21.3 6.6 6.5 4.3 6.2
19.9 5.9 4.9 6.0 5.1
18.1 6.5 4.7 4.3 5.2
18.1 5.5 4.1 4.9 6.7
19.9 6.3 4.7 6.4 6.1
18.0 6.9 6.8 5.9 5.6
27.4 6.4 4.4 6.3 5.6
21.3 4.4 6.7 5.8 5.7
24.1 4.1 5.3 6.3 6.1
20.9 6.3 6.6 6.0 5.1
19.6 5.7 6.9 5.9 6.5
19.7 5.3 5.4 4.4 6.2
19.4 4.1 6.7 6.9 5.1
20.6 4.7 4.7 6.6 4.1
20.8 6.1 4.1 4.7 4.8
23.6 5.5 5.0 4.2 4.7
18.5 4.5 5.6 6.3 5.0
26.1 6.8 6.1 4.6 4.4
27.4 4.2 5.4 4.4 4.6
23.1 5.2 4.5 6.1 4.3
22.2 7.0 6.6 6.1 5.6
21.7 4.3 6.7 5.1 5.4
23.0 5.4 5.3 6.2 6.7
18.3 6.8 4.6 5.7 6.2
22.1 5.7 6.4 4.2 5.0
20.2 4.0 7.0 4.4 4.9
25.0 6.9 4.6 4.7 5.7
22.5 5.3 5.6 6.5 6.8
27.4 4.4 6.2 5.0 6.9
19.3 4.4 6.5 6.2 6.2
27.2 6.5 6.7 6.2 6.5
25.0 5.9 6.5 4.9 6.7
25.3 4.0 5.4 6.5 6.8
26.9 5.1 6.3 5.8 6.2
22.9 5.4 6.7 4.9 5.2
27.8 5.0 4.5 6.5 6.4
19.8 5.4 6.9 5.3 6.1
20.7 5.5 5.1 5.6 6.2
18.2 5.6 7.0 5.5 6.1
27.6 4.4 6.2 5.5 4.8
26.3 4.5 4.9 5.5 5.0
24.2 4.9 5.0 6.7 6.2
20.8 5.9 6.0 4.6 6.2
19.5 4.3 6.8 5.0 4.3
18.9 6.7 6.2 5.6 6.5
25.6 5.9 5.9 4.5 5.1
26.0 4.3 4.2 4.8 5.0
20.2 5.6 5.7 4.8 6.3
24.9 4.8 4.3 4.8 4.4
24.3 6.2 6.2 7.0 6.1
22.9 4.4 4.9 5.5 5.2
21.0 6.3 7.0 4.8 4.4
23.1 4.8 5.6 5.8 4.2
20.7 5.3 6.8 4.9 4.7
26.3 5.1 6.2 4.8 6.9
25.4 7.0 4.4 6.0 6.2
24.2 4.1 4.2 5.4 6.1
24.0 6.6 6.8 4.5 4.4
19.7 6.4 4.2 6.7 4.9
26.4 4.4 4.3 4.8 6.6
18.2 5.2 5.3 4.2 6.6
22.3 6.5 4.8 5.4 6.8
26.7 4.4 6.7 5.6 4.2
25.7 4.0 5.3 4.2 6.8
22.5 6.1 5.2 5.8 5.5
19.4 6.9 5.8 4.5 4.8
18.6 7.0 5.8 5.7 5.0
27.9 4.0 5.9 4.6 5.7
23.5 4.1 6.7 6.3 5.7
26.4 6.7 6.6 5.0 5.0
19.4 4.9 6.0 4.2 4.7
27.9 6.9 6.1 5.3 4.2
18.2 6.3 5.7 4.8 4.3
23.6 6.7 4.7 4.9 4.8
19.0 5.3 6.8 5.6 6.7
19.1 5.8 5.0 4.9 6.1
18.1 6.3 4.3 4.5 4.6
20.1 5.3 4.8 6.0 5.1
26.3 4.3 4.6 5.1 6.0
22.0 4.5 4.1 4.8 5.9
27.9 4.5 6.3 6.5 5.6
24.4 6.6 6.0 6.9 5.0
21.6 5.6 4.6 4.4 5.5
26.7 6.8 6.0 6.9 4.9
26.8 4.7 6.9 5.3 4.3
20.7 5.0 6.9 4.6 6.2
22.9 6.3 5.0 5.1 4.1
23.4 4.9 5.1 5.5 5.0
24.9 4.6 6.2 5.9 4.5
27.0 6.3 5.6 6.7 6.0
27.8 6.8 5.8 5.7 7.0
23.2 4.7 5.0 4.5 4.7
20.6 6.4 4.7 4.9 4.5
20.5 6.9 6.2 5.9 5.8
25.1 6.0 5.7 4.8 5.9
22.5 5.9 5.5 6.3 5.4
28.0 6.9 6.3 5.4 6.9
19.4 6.6 6.4 6.7 6.0
24.6 4.2 6.3 5.9 6.1
23.8 6.0 6.7 4.6 4.6
23.8 5.7 5.6 5.8 5.2
27.2 5.4 5.4 6.6 4.8
18.1 6.6 6.1 4.0 6.5
21.0 4.8 4.6 4.5 7.0
22.3 4.5 5.3 5.0 6.3
19.6 5.8 4.2 6.4 5.6
22.8 6.7 6.8 5.8 6.7
19.7 5.1 5.1 7.0 4.2
28.0 5.9 6.5 5.2 4.2
18.7 5.0 4.1 6.0 5.4
19.3 7.0 5.1 6.2 6.8
26.4 4.2 4.7 5.4 6.9
26.1 4.8 4.5 5.3 6.5
23.3 5.1 4.0 6.6 5.7
23.8 4.3 4.5 6.1 6.8
23.6 6.0 4.4 4.0 5.4
27.1 4.3 6.3 6.4 4.1
25.0 5.7 4.8 5.5 4.4
21.6 6.5 4.7 5.3 5.0
18.3 5.8 5.3 6.8 5.4
21.8 5.2 4.9 4.6 4.7
27.7 4.1 4.9 6.1 5.2
19.9 6.6 5.4 5.9 5.9
23.5 6.8 5.7 4.4 6.2
26.9 5.9 6.0 6.1 6.4
23.2 4.4 4.7 4.6 5.9
21.4 6.1 5.3 6.4 4.3
20.2 4.0 5.7 5.1 4.0
19.5 5.2 4.3 4.9 5.6
25.6 5.2 5.6 4.7 5.4
24.1 4.3 5.1 6.7 4.1
19.7 5.2 5.9 4.4 6.7
25.7 5.3 5.0 5.5 6.7
25.2 6.9 5.7 6.8 6.3
22.8 6.9 5.4 6.0 5.4
20.8 5.2 5.6 5.4 5.0
21.7 6.2 4.6 6.9 6.0
25.3 5.3 6.0 5.7 4.1
27.4 5.8 4.1 5.3 5.7
23.2 6.1 5.5 7.0 7.0
22.6 5.3 6.3 6.9 5.6
18.3 6.0 4.3 5.4 5.0
19.5 5.1 4.2 6.7 5.7
23.0 6.4 4.1 5.4 6.7
18.0 5.7 6.2 6.4 5.0
24.6 4.7 5.6 5.5 5.8
25.5 6.4 4.5 6.0 5.9
22.7 6.2 5.9 5.1 4.5
24.7 4.4 6.9 4.3 4.8
18.1 4.4 5.7 4.7 6.1
22.0 4.4 5.9 6.0 4.6
21.2 6.6 4.0 6.8 6.3
22.3 5.3 4.7 5.9 5.3
22.4 4.3 4.4 4.7 4.9
19.6 4.8 4.3 5.2 4.2
18.8 4.3 5.2 5.0 5.2
25.3 4.7 5.0 4.2 5.8
21.5 5.7 6.2 4.4 4.3
27.2 5.6 5.4 5.8 5.6
21.4 4.6 4.7 7.0 5.6
25.6 5.1 4.5 4.6 5.3
23.5 6.5 6.5 6.3 4.1
20.4 5.1 6.8 6.9 5.1
26.1 6.7 4.7 4.4 4.8
25.7 4.7 6.5 5.4 4.8
23.8 5.4 4.7 4.2 5.5
26.5 6.3 6.5 4.4 5.7
23.9 6.6 4.7 5.9 5.2
18.8 4.8 6.7 4.8 6.7
20.5 5.7 6.8 5.7 6.7
27.0 4.6 4.8 4.4 4.6
23.0 5.3 6.4 5.6 4.3
24.9 6.9 7.0 6.0 6.0
19.8 4.0 6.2 7.0 6.4
26.3 6.7 6.5 5.0 5.8
21.8 5.1 4.8 6.9 5.6
25.5 6.1 5.0 6.9 4.3
23.3 4.7 5.2 4.1 6.3
25.4 6.4 4.8 5.1 5.3
22.7 7.0 6.9 5.5 5.4
24.5 4.8 4.8 6.4 6.9
23.4 6.9 4.6 5.1 5.2
18.1 5.7 4.2 6.3 5.9
27.0 5.2 4.6 6.5 6.2
18.4 6.9 4.5 5.7 4.0
21.2 5.0 5.8 5.9 4.6
25.3 4.5 6.1 4.1 6.0
22.2 4.5 4.9 4.1 4.9
24.5 5.2 6.9 6.0 5.9
18.2 6.7 5.0 6.7 5.8
26.3 5.4 4.1 4.3 5.2
21.2 5.0 5.3 4.6 5.3
22.6 6.0 6.7 6.3 4.6
20.3 4.2 4.9 5.4 6.7
22.5 4.6 6.4 6.5 4.2
25.7 6.8 5.1 5.8 6.4
21.8 6.3 4.1 5.2 6.4
26.2 6.2 6.9 6.9 6.8
18.2 6.4 6.6 5.0 5.9
27.3 6.6 4.1 6.4 6.3
23.6 5.0 5.4 6.2 5.7
24.8 4.2 6.2 4.1 6.4
19.0 6.4 4.2 4.8 4.9
27.7 6.4 4.4 6.4 4.0
26.2 6.8 4.9 6.3 4.7
23.8 4.2 4.1 4.3 4.5
27.8 4.5 5.4 5.7 5.7
27.3 6.2 5.6 6.3 4.7
20.4 4.7 4.1 5.0 6.2
25.4 5.8 5.9 5.6 5.0
21.1 4.8 6.7 6.7 5.3
19.9 5.6 5.6 4.4 5.4
20.8 6.1 4.7 6.5 6.3
19.3 6.2 6.7 5.6 5.2
26.5 5.2 6.7 5.9 6.8
18.8 4.6 6.7 6.5 6.0
26.0 4.4 5.9 4.8 4.5
25.0 6.4 6.7 4.2 5.9
25.9 4.7 4.8 4.7 5.2
20.7 6.5 6.7 5.6 6.0
25.7 6.6 5.4 5.6 4.2
27.8 4.9 6.4 7.0 6.2
27.3 5.8 6.6 4.9 4.0
27.7 6.8 5.0 5.2 4.4
19.2 4.9 6.3 5.7 4.1
24.1 6.0 6.5 5.1 4.0
22.6 5.6 5.5 4.2 5.7
18.4 5.6 6.2 5.6 4.9
22.9 7.0 5.9 4.6 6.3
18.2 4.2 6.8 6.2 6.8
24.2 6.0 5.5 6.7 5.5
19.6 4.8 6.1 4.7 4.9
20.2 4.4 5.1 4.5 6.4
23.2 4.1 5.2 6.6 4.5
23.8 4.7 4.0 5.9 6.7
21.4 5.4 6.2 4.1 4.7
26.2 6.3 5.3 6.8 6.9
24.2 4.1 5.4 4.1 6.7
21.7 4.9 5.9 4.4 4.2
24.8 4.4 5.5 4.2 5.6
26.5 6.3 4.9 6.7 4.5
23.5 5.3 4.3 5.5 4.7
26.2 6.5 6.6 6.5 6.6
21.7 6.0 7.0 4.7 5.8
18.6 5.9 4.3 6.8 6.0
21.0 6.4 4.4 6.6 5.3
26.8 6.9 4.5 6.0 5.2
18.9 6.4 6.5 6.1 4.2
18.6 5.6 4.1 5.8 6.0
20.1 4.7 6.9 5.1 4.6
21.0 6.4 4.4 4.6 7.0
21.3 6.6 4.5 4.3 5.7
19.2 4.9 6.6 5.5 6.8
21.1 5.4 6.2 5.7 4.2
22.1 6.6 6.9 6.7 6.6
25.1 5.9 4.3 5.9 6.5
18.7 4.7 4.4 5.6 4.3
22.2 5.5 6.9 5.2 6.7
25.2 7.0 6.6 5.5 5.1
24.8 4.6 5.7 4.3 5.1
25.4 6.3 6.4 4.2 5.7
18.4 6.4 6.6 6.5 5.2
22.7 4.8 4.8 5.6 5.2
22.4 4.8 4.0 6.2 4.0
18.6 5.7 4.3 6.6 5.5
21.5 4.3 4.2 6.4 5.0
22.3 7.0 4.3 5.9 5.9
22.8 6.0 6.0 5.4 6.4
21.8 5.6 4.2 4.4 5.3
26.5 5.7 5.4 6.4 6.5
24.5 6.8 6.0 4.6 6.7
26.5 6.0 5.2 6.5 4.0
23.1 4.9 4.1 6.7 5.1
24.4 4.6 4.3 4.6 4.4
20.7 4.8 4.9 5.1 4.1
20.1 6.1 4.5 5.4 6.4
26.0 5.7 5.6 6.2 6.3
20.6 6.2 6.0 6.3 5.8
21.5 6.6 5.1 5.0 6.6
20.4 4.3 4.3 6.4 6.9
21.8 7.0 4.2 5.9 6.0
27.6 6.6 4.2 4.1 5.0
23.4 5.5 5.1 6.4 6.0
19.5 5.7 4.5 5.8 6.4
18.2 6.0 6.4 5.7 6.2
19.3 6.7 5.0 6.0 5.7
19.1 7.0 5.8 5.5 5.4
20.9 6.3 6.1 4.2 6.6
21.9 4.3 4.8 4.8 5.0
18.4 5.5 6.8 5.0 6.0
26.5 6.5 4.3 4.1 6.1
19.6 5.3 4.7 5.2 6.6
20.2 5.8 4.0 5.3 5.4
23.1 4.7 5.6 4.3 4.3
26.1 5.0 6.4 4.5 6.6
18.6 6.8 4.2 4.0 4.9
23.4 5.8 4.7 4.4 6.1
20.0 5.8 6.8 6.2 4.4
24.0 5.9 4.1 5.4 4.4
19.1 6.7 4.3 4.2 4.9
20.6 4.8 5.8 6.7 4.5
26.3 4.5 6.3 5.8 5.3
22.0 5.0 6.6 6.7 4.0
19.7 4.0 5.9 5.7 6.9
20.5 6.5 6.3 5.2 6.1
26.0 6.5 6.5 6.0 4.3
24.8 6.9 5.6 6.8 6.0
22.9 5.4 4.6 4.3 4.8
25.2 6.0 6.6 6.6 4.1
23.0 5.2 6.3 6.7 6.0
24.3 4.2 7.0 6.8 5.0
21.1 5.8 5.4 4.8 6.1
19.3 5.1 6.2 4.1 6.7
24.7 6.4 5.1 4.2 6.7
20.5 4.6 4.2 6.3 5.8
25.6 6.9 5.1 4.4 4.7
27.8 6.7 5.3 4.2 5.1
24.9 5.5 4.9 6.8 6.6
22.6 4.1 5.2 6.0 5.9
18.9 5.4 4.0 4.7 4.4
24.7 4.3 6.2 6.3 6.9
22.9 6.0 4.5 6.8 6.5
18.9 5.1 4.1 6.0 4.2
