16.28 17.17 10.20 8.52 5.54 3.23 4.32
18.53 17.17 10.20 8.52 5.54 3.23 4.32
16.28 23.36 10.20 8.52 5.54 3.23 4.32
16.28 17.17 3.17 8.52 5.54 3.23 4.32
16.28 17.17 10.20 9.51 5.54 3.23 4.32
16.28 17.17 10.20 8.52 2.59 3.23 4.32
16.28 17.17 10.20 8.52 5.54 3.15 4.32
16.28 17.17 10.20 8.52 5.54 3.23 3.62
16.28 23.36 3.17 9.51 2.59 3.15 3.62
18.53 17.17 3.17 9.51 2.59 3.15 3.62
18.53 23.36 10.20 9.51 2.59 3.15 3.62
18.53 23.36 3.17 8.52 2.59 3.15 3.62
18.53 23.36 3.17 9.51 5.54 3.15 3.62
18.53 23.36 3.17 9.51 2.59 3.23 3.62
18.53 23.36 3.17 9.51 2.59 3.15 4.32
18.53 23.36 3.17 9.51 2.59 3.15 3.62
22.28 26.17 5.20 4.02 2.04 5.73 1.82
24.53 26.17 5.20 4.02 2.04 5.73 1.82
22.28 14.36 5.20 4.02 2.04 5.73 1.82
22.28 26.17 8.17 4.02 2.04 5.73 1.82
22.28 26.17 5.20 5.01 2.04 5.73 1.82
22.28 26.17 5.20 4.02 6.09 5.73 1.82
22.28 26.17 5.20 4.02 2.04 5.65 1.82
22.28 26.17 5.20 4.02 2.04 5.73 1.12
22.28 14.36 8.17 5.01 6.09 5.65 1.12
24.53 26.17 8.17 5.01 6.09 5.65 1.12
24.53 14.36 5.20 5.01 6.09 5.65 1.12
24.53 14.36 8.17 4.02 6.09 5.65 1.12
24.53 14.36 8.17 5.01 2.04 5.65 1.12
24.53 14.36 8.17 5.01 6.09 5.73 1.12
24.53 14.36 8.17 5.01 6.09 5.65 1.82
24.53 14.36 8.17 5.01 6.09 5.65 1.12
25.28 12.67 7.70 6.27 3.79 4.48 5.57
27.53 12.67 7.70 6.27 3.79 4.48 5.57
25.28 18.86 7.70 6.27 3.79 4.48 5.57
25.28 12.67 10.67 6.27 3.79 4.48 5.57
25.28 12.67 7.70 2.76 3.79 4.48 5.57
25.28 12.67 7.70 6.27 7.84 4.48 5.57
25.28 12.67 7.70 6.27 3.79 1.90 5.57
25.28 12.67 7.70 6.27 3.79 4.48 4.87
25.28 18.86 10.67 2.76 7.84 1.90 4.87
27.53 12.67 10.67 2.76 7.84 1.90 4.87
27.53 18.86 7.70 2.76 7.84 1.90 4.87
27.53 18.86 10.67 6.27 7.84 1.90 4.87
27.53 18.86 10.67 2.76 3.79 1.90 4.87
27.53 18.86 10.67 2.76 7.84 4.48 4.87
27.53 18.86 10.67 2.76 7.84 1.90 5.57
27.53 18.86 10.67 2.76 7.84 1.90 4.87
19.28 21.67 2.70 1.77 7.29 1.98 3.07
21.53 21.67 2.70 1.77 7.29 1.98 3.07
19.28 27.86 2.70 1.77 7.29 1.98 3.07
19.28 21.67 5.67 1.77 7.29 1.98 3.07
19.28 21.67 2.70 7.26 7.29 1.98 3.07
19.28 21.67 2.70 1.77 4.34 1.98 3.07
19.28 21.67 2.70 1.77 7.29 4.40 3.07
19.28 21.67 2.70 1.77 7.29 1.98 2.37
19.28 27.86 5.67 7.26 4.34 4.40 2.37
21.53 21.67 5.67 7.26 4.34 4.40 2.37
21.53 27.86 2.70 7.26 4.34 4.40 2.37
21.53 27.86 5.67 1.77 4.34 4.40 2.37
21.53 27.86 5.67 7.26 7.29 4.40 2.37
21.53 27.86 5.67 7.26 4.34 1.98 2.37
21.53 27.86 5.67 7.26 4.34 4.40 3.07
21.53 27.86 5.67 7.26 4.34 4.40 2.37
20.78 10.42 6.45 2.90 6.41 2.60 4.95
26.03 10.42 6.45 2.90 6.41 2.60 4.95
20.78 16.61 6.45 2.90 6.41 2.60 4.95
20.78 10.42 9.42 2.90 6.41 2.60 4.95
20.78 10.42 6.45 1.63 6.41 2.60 4.95
20.78 10.42 6.45 2.90 3.46 2.60 4.95
20.78 10.42 6.45 2.90 6.41 1.27 4.95
20.78 10.42 6.45 2.90 6.41 2.60 1.74
20.78 16.61 9.42 1.63 3.46 1.27 1.74
26.03 10.42 9.42 1.63 3.46 1.27 1.74
26.03 16.61 6.45 1.63 3.46 1.27 1.74
26.03 16.61 9.42 2.90 3.46 1.27 1.74
26.03 16.61 9.42 1.63 6.41 1.27 1.74
26.03 16.61 9.42 1.63 3.46 2.60 1.74
26.03 16.61 9.42 1.63 3.46 1.27 4.95
26.03 16.61 9.42 1.63 3.46 1.27 1.74
26.78 19.42 11.45 7.40 2.91 5.10 2.45
20.03 19.42 11.45 7.40 2.91 5.10 2.45
26.78 25.61 11.45 7.40 2.91 5.10 2.45
26.78 19.42 4.42 7.40 2.91 5.10 2.45
26.78 19.42 11.45 6.13 2.91 5.10 2.45
26.78 19.42 11.45 7.40 6.96 5.10 2.45
26.78 19.42 11.45 7.40 2.91 3.77 2.45
26.78 19.42 11.45 7.40 2.91 5.10 4.24
26.78 25.61 4.42 6.13 6.96 3.77 4.24
20.03 19.42 4.42 6.13 6.96 3.77 4.24
20.03 25.61 11.45 6.13 6.96 3.77 4.24
20.03 25.61 4.42 7.40 6.96 3.77 4.24
20.03 25.61 4.42 6.13 2.91 3.77 4.24
20.03 25.61 4.42 6.13 6.96 5.10 4.24
20.03 25.61 4.42 6.13 6.96 3.77 2.45
20.03 25.61 4.42 6.13 6.96 3.77 4.24
23.78 14.92 3.95 5.15 1.16 3.85 3.70
17.03 14.92 3.95 5.15 1.16 3.85 3.70
23.78 21.11 3.95 5.15 1.16 3.85 3.70
23.78 14.92 6.92 5.15 1.16 3.85 3.70
23.78 14.92 3.95 8.38 1.16 3.85 3.70
23.78 14.92 3.95 5.15 5.21 3.85 3.70
23.78 14.92 3.95 5.15 1.16 2.52 3.70
23.78 14.92 3.95 5.15 1.16 3.85 2.99
23.78 21.11 6.92 8.38 5.21 2.52 2.99
17.03 14.92 6.92 8.38 5.21 2.52 2.99
17.03 21.11 3.95 8.38 5.21 2.52 2.99
17.03 21.11 6.92 5.15 5.21 2.52 2.99
17.03 21.11 6.92 8.38 1.16 2.52 2.99
17.03 21.11 6.92 8.38 5.21 3.85 2.99
17.03 21.11 6.92 8.38 5.21 2.52 3.70
17.03 21.11 6.92 8.38 5.21 2.52 2.99
17.78 23.92 8.95 9.65 4.66 1.35 1.20
23.03 23.92 8.95 9.65 4.66 1.35 1.20
17.78 12.11 8.95 9.65 4.66 1.35 1.20
17.78 23.92 11.92 9.65 4.66 1.35 1.20
17.78 23.92 8.95 3.88 4.66 1.35 1.20
17.78 23.92 8.95 9.65 1.71 1.35 1.20
17.78 23.92 8.95 9.65 4.66 5.02 1.20
17.78 23.92 8.95 9.65 4.66 1.35 5.49
17.78 12.11 11.92 3.88 1.71 5.02 5.49
23.03 23.92 11.92 3.88 1.71 5.02 5.49
23.03 12.11 8.95 3.88 1.71 5.02 5.49
23.03 12.11 11.92 9.65 1.71 5.02 5.49
23.03 12.11 11.92 3.88 4.66 5.02 5.49
23.03 12.11 11.92 3.88 1.71 1.35 5.49
23.03 12.11 11.92 3.88 1.71 5.02 1.20
23.03 12.11 11.92 3.88 1.71 5.02 5.49
18.53 13.80 3.33 6.84 2.48 1.66 5.26
25.28 13.80 3.33 6.84 2.48 1.66 5.26
18.53 15.48 3.33 6.84 2.48 1.66 5.26
18.53 13.80 5.05 6.84 2.48 1.66 5.26
18.53 13.80 3.33 3.32 2.48 1.66 5.26
18.53 13.80 3.33 6.84 2.15 1.66 5.26
18.53 13.80 3.33 6.84 2.48 4.09 5.26
18.53 13.80 3.33 6.84 2.48 1.66 3.30
18.53 15.48 5.05 3.32 2.15 4.09 3.30
25.28 13.80 5.05 3.32 2.15 4.09 3.30
25.28 15.48 3.33 3.32 2.15 4.09 3.30
25.28 15.48 5.05 6.84 2.15 4.09 3.30
25.28 15.48 5.05 3.32 2.48 4.09 3.30
25.28 15.48 5.05 3.32 2.15 1.66 3.30
25.28 15.48 5.05 3.32 2.15 4.09 5.26
25.28 15.48 5.05 3.32 2.15 4.09 3.30
24.53 22.80 8.33 2.34 5.98 4.16 2.76
19.28 22.80 8.33 2.34 5.98 4.16 2.76
24.53 24.48 8.33 2.34 5.98 4.16 2.76
24.53 22.80 10.05 2.34 5.98 4.16 2.76
24.53 22.80 8.33 7.82 5.98 4.16 2.76
24.53 22.80 8.33 2.34 5.65 4.16 2.76
24.53 22.80 8.33 2.34 5.98 1.59 2.76
24.53 22.80 8.33 2.34 5.98 4.16 5.80
24.53 24.48 10.05 7.82 5.65 1.59 5.80
19.28 22.80 10.05 7.82 5.65 1.59 5.80
19.28 24.48 8.33 7.82 5.65 1.59 5.80
19.28 24.48 10.05 2.34 5.65 1.59 5.80
19.28 24.48 10.05 7.82 5.98 1.59 5.80
19.28 24.48 10.05 7.82 5.65 4.16 5.80
19.28 24.48 10.05 7.82 5.65 1.59 2.76
19.28 24.48 10.05 7.82 5.65 1.59 5.80
27.53 18.30 5.83 9.09 7.73 5.41 4.01
16.28 18.30 5.83 9.09 7.73 5.41 4.01
27.53 19.98 5.83 9.09 7.73 5.41 4.01
27.53 18.30 7.55 9.09 7.73 5.41 4.01
27.53 18.30 5.83 5.57 7.73 5.41 4.01
27.53 18.30 5.83 9.09 7.40 5.41 4.01
27.53 18.30 5.83 9.09 7.73 5.34 4.01
27.53 18.30 5.83 9.09 7.73 5.41 2.05
27.53 19.98 7.55 5.57 7.40 5.34 2.05
16.28 18.30 7.55 5.57 7.40 5.34 2.05
16.28 19.98 5.83 5.57 7.40 5.34 2.05
16.28 19.98 7.55 9.09 7.40 5.34 2.05
16.28 19.98 7.55 5.57 7.73 5.34 2.05
16.28 19.98 7.55 5.57 7.40 5.41 2.05
16.28 19.98 7.55 5.57 7.40 5.34 4.01
16.28 19.98 7.55 5.57 7.40 5.34 2.05
21.53 27.30 10.83 4.59 4.23 2.91 1.51
22.28 27.30 10.83 4.59 4.23 2.91 1.51
21.53 10.98 10.83 4.59 4.23 2.91 1.51
21.53 27.30 2.55 4.59 4.23 2.91 1.51
21.53 27.30 10.83 1.07 4.23 2.91 1.51
21.53 27.30 10.83 4.59 3.90 2.91 1.51
21.53 27.30 10.83 4.59 4.23 2.84 1.51
21.53 27.30 10.83 4.59 4.23 2.91 4.55
21.53 10.98 2.55 1.07 3.90 2.84 4.55
22.28 27.30 2.55 1.07 3.90 2.84 4.55
22.28 10.98 10.83 1.07 3.90 2.84 4.55
22.28 10.98 2.55 4.59 3.90 2.84 4.55
22.28 10.98 2.55 1.07 4.23 2.84 4.55
22.28 10.98 2.55 1.07 3.90 2.91 4.55
22.28 10.98 2.55 1.07 3.90 2.84 1.51
22.28 10.98 2.55 1.07 3.90 2.84 4.55
20.03 16.05 7.08 3.46 3.35 1.04 4.63
17.78 16.05 7.08 3.46 3.35 1.04 4.63
20.03 22.23 7.08 3.46 3.35 1.04 4.63
20.03 16.05 11.30 3.46 3.35 1.04 4.63
20.03 16.05 7.08 6.70 3.35 1.04 4.63
20.03 16.05 7.08 3.46 3.02 1.04 4.63
20.03 16.05 7.08 3.46 3.35 5.96 4.63
20.03 16.05 7.08 3.46 3.35 1.04 5.18
20.03 22.23 11.30 6.70 3.02 5.96 5.18
17.78 16.05 11.30 6.70 3.02 5.96 5.18
17.78 22.23 7.08 6.70 3.02 5.96 5.18
17.78 22.23 11.30 3.46 3.02 5.96 5.18
17.78 22.23 11.30 6.70 3.35 5.96 5.18
17.78 22.23 11.30 6.70 3.02 1.04 5.18
17.78 22.23 11.30 6.70 3.02 5.96 4.63
17.78 22.23 11.30 6.70 3.02 5.96 5.18
26.03 25.05 2.08 7.96 6.85 3.54 2.13
23.78 25.05 2.08 7.96 6.85 3.54 2.13
26.03 13.23 2.08 7.96 6.85 3.54 2.13
26.03 25.05 6.30 7.96 6.85 3.54 2.13
26.03 25.05 2.08 2.20 6.85 3.54 2.13
26.03 25.05 2.08 7.96 6.52 3.54 2.13
26.03 25.05 2.08 7.96 6.85 3.46 2.13
26.03 25.05 2.08 7.96 6.85 3.54 2.68
26.03 13.23 6.30 2.20 6.52 3.46 2.68
23.78 25.05 6.30 2.20 6.52 3.46 2.68
23.78 13.23 2.08 2.20 6.52 3.46 2.68
23.78 13.23 6.30 7.96 6.52 3.46 2.68
23.78 13.23 6.30 2.20 6.85 3.46 2.68
23.78 13.23 6.30 2.20 6.52 3.54 2.68
23.78 13.23 6.30 2.20 6.52 3.46 2.13
23.78 13.23 6.30 2.20 6.52 3.46 2.68
23.03 11.55 9.58 1.21 5.10 4.79 5.88
26.78 11.55 9.58 1.21 5.10 4.79 5.88
23.03 17.73 9.58 1.21 5.10 4.79 5.88
23.03 11.55 3.80 1.21 5.10 4.79 5.88
23.03 11.55 9.58 4.45 5.10 4.79 5.88
23.03 11.55 9.58 1.21 4.77 4.79 5.88
23.03 11.55 9.58 1.21 5.10 4.71 5.88
23.03 11.55 9.58 1.21 5.10 4.79 3.93
23.03 17.73 3.80 4.45 4.77 4.71 3.93
26.78 11.55 3.80 4.45 4.77 4.71 3.93
26.78 17.73 9.58 4.45 4.77 4.71 3.93
26.78 17.73 3.80 1.21 4.77 4.71 3.93
26.78 17.73 3.80 4.45 5.10 4.71 3.93
26.78 17.73 3.80 4.45 4.77 4.79 3.93
26.78 17.73 3.80 4.45 4.77 4.71 5.88
26.78 17.73 3.80 4.45 4.77 4.71 3.93
17.03 20.55 4.58 5.71 1.60 2.29 3.38
20.78 20.55 4.58 5.71 1.60 2.29 3.38
17.03 26.73 4.58 5.71 1.60 2.29 3.38
17.03 20.55 8.80 5.71 1.60 2.29 3.38
17.03 20.55 4.58 8.95 1.60 2.29 3.38
17.03 20.55 4.58 5.71 1.27 2.29 3.38
17.03 20.55 4.58 5.71 1.60 2.21 3.38
17.03 20.55 4.58 5.71 1.60 2.29 1.43
17.03 26.73 8.80 8.95 1.27 2.21 1.43
20.78 20.55 8.80 8.95 1.27 2.21 1.43
20.78 26.73 4.58 8.95 1.27 2.21 1.43
20.78 26.73 8.80 5.71 1.27 2.21 1.43
20.78 26.73 8.80 8.95 1.60 2.21 1.43
20.78 26.73 8.80 8.95 1.27 2.29 1.43
20.78 26.73 8.80 8.95 1.27 2.21 3.38
20.78 26.73 8.80 8.95 1.27 2.21 1.43
17.41 12.11 8.64 5.43 7.51 3.70 1.66
27.16 12.11 8.64 5.43 7.51 3.70 1.66
17.41 23.92 8.64 5.43 7.51 3.70 1.66
17.41 12.11 4.11 5.43 7.51 3.70 1.66
17.41 12.11 8.64 9.23 7.51 3.70 1.66
17.41 12.11 8.64 5.43 3.24 3.70 1.66
17.41 12.11 8.64 5.43 7.51 4.87 1.66
17.41 12.11 8.64 5.43 7.51 3.70 1.90
17.41 23.92 4.11 9.23 3.24 4.87 1.90
27.16 12.11 4.11 9.23 3.24 4.87 1.90
27.16 23.92 8.64 9.23 3.24 4.87 1.90
27.16 23.92 4.11 5.43 3.24 4.87 1.90
27.16 23.92 4.11 9.23 7.51 4.87 1.90
27.16 23.92 4.11 9.23 3.24 3.70 1.90
27.16 23.92 4.11 9.23 3.24 4.87 1.66
27.16 23.92 4.11 9.23 3.24 4.87 1.90
23.41 21.11 3.64 9.93 4.01 1.20 4.16
21.16 21.11 3.64 9.93 4.01 1.20 4.16
23.41 14.92 3.64 9.93 4.01 1.20 4.16
23.41 21.11 9.11 9.93 4.01 1.20 4.16
23.41 21.11 3.64 4.73 4.01 1.20 4.16
23.41 21.11 3.64 9.93 6.74 1.20 4.16
23.41 21.11 3.64 9.93 4.01 2.37 4.16
23.41 21.11 3.64 9.93 4.01 1.20 4.40
23.41 14.92 9.11 4.73 6.74 2.37 4.40
21.16 21.11 9.11 4.73 6.74 2.37 4.40
21.16 14.92 3.64 4.73 6.74 2.37 4.40
21.16 14.92 9.11 9.93 6.74 2.37 4.40
21.16 14.92 9.11 4.73 4.01 2.37 4.40
21.16 14.92 9.11 4.73 6.74 1.20 4.40
21.16 14.92 9.11 4.73 6.74 2.37 4.16
21.16 14.92 9.11 4.73 6.74 2.37 4.40
26.41 16.61 11.14 3.18 2.26 2.45 2.91
18.16 16.61 11.14 3.18 2.26 2.45 2.91
26.41 10.42 11.14 3.18 2.26 2.45 2.91
26.41 16.61 11.61 3.18 2.26 2.45 2.91
26.41 16.61 11.14 2.48 2.26 2.45 2.91
26.41 16.61 11.14 3.18 4.99 2.45 2.91
26.41 16.61 11.14 3.18 2.26 3.62 2.91
26.41 16.61 11.14 3.18 2.26 2.45 3.15
26.41 10.42 11.61 2.48 4.99 3.62 3.15
18.16 16.61 11.61 2.48 4.99 3.62 3.15
18.16 10.42 11.14 2.48 4.99 3.62 3.15
18.16 10.42 11.61 3.18 4.99 3.62 3.15
18.16 10.42 11.61 2.48 2.26 3.62 3.15
18.16 10.42 11.61 2.48 4.99 2.45 3.15
18.16 10.42 11.61 2.48 4.99 3.62 2.91
18.16 10.42 11.61 2.48 4.99 3.62 3.15
20.41 25.61 6.14 7.68 5.76 4.95 5.41
24.16 25.61 6.14 7.68 5.76 4.95 5.41
20.41 19.42 6.14 7.68 5.76 4.95 5.41
20.41 25.61 6.61 7.68 5.76 4.95 5.41
20.41 25.61 6.14 6.98 5.76 4.95 5.41
20.41 25.61 6.14 7.68 1.49 4.95 5.41
20.41 25.61 6.14 7.68 5.76 1.12 5.41
20.41 25.61 6.14 7.68 5.76 4.95 5.65
20.41 19.42 6.61 6.98 1.49 1.12 5.65
24.16 25.61 6.61 6.98 1.49 1.12 5.65
24.16 19.42 6.14 6.98 1.49 1.12 5.65
24.16 19.42 6.61 7.68 1.49 1.12 5.65
24.16 19.42 6.61 6.98 5.76 1.12 5.65
24.16 19.42 6.61 6.98 1.49 4.95 5.65
24.16 19.42 6.61 6.98 1.49 1.12 5.41
24.16 19.42 6.61 6.98 1.49 1.12 5.65
21.91 18.86 2.39 6.55 4.88 4.32 2.29
16.66 18.86 2.39 6.55 4.88 4.32 2.29
21.91 12.67 2.39 6.55 4.88 4.32 2.29
21.91 18.86 7.86 6.55 4.88 4.32 2.29
21.91 18.86 2.39 1.35 4.88 4.32 2.29
21.91 18.86 2.39 6.55 2.37 4.32 2.29
21.91 18.86 2.39 6.55 4.88 4.24 2.29
21.91 18.86 2.39 6.55 4.88 4.32 3.77
21.91 12.67 7.86 1.35 2.37 4.24 3.77
16.66 18.86 7.86 1.35 2.37 4.24 3.77
16.66 12.67 2.39 1.35 2.37 4.24 3.77
16.66 12.67 7.86 6.55 2.37 4.24 3.77
16.66 12.67 7.86 1.35 4.88 4.24 3.77
16.66 12.67 7.86 1.35 2.37 4.32 3.77
16.66 12.67 7.86 1.35 2.37 4.24 2.29
16.66 12.67 7.86 1.35 2.37 4.24 3.77
27.91 27.86 7.39 2.05 1.38 1.82 4.79
22.66 27.86 7.39 2.05 1.38 1.82 4.79
27.91 21.67 7.39 2.05 1.38 1.82 4.79
27.91 27.86 2.86 2.05 1.38 1.82 4.79
27.91 27.86 7.39 5.85 1.38 1.82 4.79
27.91 27.86 7.39 2.05 5.87 1.82 4.79
27.91 27.86 7.39 2.05 1.38 1.74 4.79
27.91 27.86 7.39 2.05 1.38 1.82 1.27
27.91 21.67 2.86 5.85 5.87 1.74 1.27
22.66 27.86 2.86 5.85 5.87 1.74 1.27
22.66 21.67 7.39 5.85 5.87 1.74 1.27
22.66 21.67 2.86 2.05 5.87 1.74 1.27
22.66 21.67 2.86 5.85 1.38 1.74 1.27
22.66 21.67 2.86 5.85 5.87 1.82 1.27
22.66 21.67 2.86 5.85 5.87 1.74 4.79
22.66 21.67 2.86 5.85 5.87 1.74 1.27
24.91 14.36 4.89 8.80 3.13 3.07 1.04
25.66 14.36 4.89 8.80 3.13 3.07 1.04
24.91 26.17 4.89 8.80 3.13 3.07 1.04
24.91 14.36 5.36 8.80 3.13 3.07 1.04
24.91 14.36 4.89 8.10 3.13 3.07 1.04
24.91 14.36 4.89 8.80 7.62 3.07 1.04
24.91 14.36 4.89 8.80 3.13 5.49 1.04
24.91 14.36 4.89 8.80 3.13 3.07 5.02
24.91 26.17 5.36 8.10 7.62 5.49 5.02
25.66 14.36 5.36 8.10 7.62 5.49 5.02
25.66 26.17 4.89 8.10 7.62 5.49 5.02
25.66 26.17 5.36 8.80 7.62 5.49 5.02
25.66 26.17 5.36 8.10 3.13 5.49 5.02
25.66 26.17 5.36 8.10 7.62 3.07 5.02
25.66 26.17 5.36 8.10 7.62 5.49 1.04
25.66 26.17 5.36 8.10 7.62 5.49 5.02
18.91 23.36 9.89 4.30 6.63 5.57 3.54
19.66 23.36 9.89 4.30 6.63 5.57 3.54
18.91 17.17 9.89 4.30 6.63 5.57 3.54
18.91 23.36 10.36 4.30 6.63 5.57 3.54
18.91 23.36 9.89 3.60 6.63 5.57 3.54
18.91 23.36 9.89 4.30 4.12 5.57 3.54
18.91 23.36 9.89 4.30 6.63 2.99 3.54
18.91 23.36 9.89 4.30 6.63 5.57 2.52
18.91 17.17 10.36 3.60 4.12 2.99 2.52
19.66 23.36 10.36 3.60 4.12 2.99 2.52
19.66 17.17 9.89 3.60 4.12 2.99 2.52
19.66 17.17 10.36 4.30 4.12 2.99 2.52
19.66 17.17 10.36 3.60 6.63 2.99 2.52
19.66 17.17 10.36 3.60 4.12 5.57 2.52
19.66 17.17 10.36 3.60 4.12 2.99 3.54
19.66 17.17 10.36 3.60 4.12 2.99 2.52
18.16 15.48 5.52 1.49 4.45 5.26 2.60
17.41 15.48 5.52 1.49 4.45 5.26 2.60
18.16 13.80 5.52 1.49 4.45 5.26 2.60
18.16 15.48 5.98 1.49 4.45 5.26 2.60
18.16 15.48 5.52 4.16 4.45 5.26 2.60
18.16 15.48 5.52 1.49 2.80 5.26 2.60
18.16 15.48 5.52 1.49 4.45 2.05 2.60
18.16 15.48 5.52 1.49 4.45 5.26 5.34
18.16 13.80 5.98 4.16 2.80 2.05 5.34
17.41 15.48 5.98 4.16 2.80 2.05 5.34
17.41 13.80 5.52 4.16 2.80 2.05 5.34
17.41 13.80 5.98 1.49 2.80 2.05 5.34
17.41 13.80 5.98 4.16 4.45 2.05 5.34
17.41 13.80 5.98 4.16 2.80 5.26 5.34
17.41 13.80 5.98 4.16 2.80 2.05 2.60
17.41 13.80 5.98 4.16 2.80 2.05 5.34
24.16 24.48 10.52 5.99 7.95 2.76 5.10
23.41 24.48 10.52 5.99 7.95 2.76 5.10
24.16 22.80 10.52 5.99 7.95 2.76 5.10
24.16 24.48 10.98 5.99 7.95 2.76 5.10
24.16 24.48 10.52 8.66 7.95 2.76 5.10
24.16 24.48 10.52 5.99 6.30 2.76 5.10
24.16 24.48 10.52 5.99 7.95 4.55 5.10
24.16 24.48 10.52 5.99 7.95 2.76 2.84
24.16 22.80 10.98 8.66 6.30 4.55 2.84
23.41 24.48 10.98 8.66 6.30 4.55 2.84
23.41 22.80 10.52 8.66 6.30 4.55 2.84
23.41 22.80 10.98 5.99 6.30 4.55 2.84
23.41 22.80 10.98 8.66 7.95 4.55 2.84
23.41 22.80 10.98 8.66 6.30 2.76 2.84
23.41 22.80 10.98 8.66 6.30 4.55 5.10
23.41 22.80 10.98 8.66 6.30 4.55 2.84
27.16 10.98 3.02 3.74 6.20 1.51 1.35
26.41 10.98 3.02 3.74 6.20 1.51 1.35
27.16 27.30 3.02 3.74 6.20 1.51 1.35
27.16 10.98 8.48 3.74 6.20 1.51 1.35
27.16 10.98 3.02 6.41 6.20 1.51 1.35
27.16 10.98 3.02 3.74 4.55 1.51 1.35
27.16 10.98 3.02 3.74 6.20 3.30 1.35
27.16 10.98 3.02 3.74 6.20 1.51 4.09
27.16 27.30 8.48 6.41 4.55 3.30 4.09
26.41 10.98 8.48 6.41 4.55 3.30 4.09
26.41 27.30 3.02 6.41 4.55 3.30 4.09
26.41 27.30 8.48 3.74 4.55 3.30 4.09
26.41 27.30 8.48 6.41 6.20 3.30 4.09
26.41 27.30 8.48 6.41 4.55 1.51 4.09
26.41 27.30 8.48 6.41 4.55 3.30 1.35
26.41 27.30 8.48 6.41 4.55 3.30 4.09
21.16 19.98 8.02 8.24 2.70 4.01 3.85
20.41 19.98 8.02 8.24 2.70 4.01 3.85
21.16 18.30 8.02 8.24 2.70 4.01 3.85
21.16 19.98 3.48 8.24 2.70 4.01 3.85
21.16 19.98 8.02 1.91 2.70 4.01 3.85
21.16 19.98 8.02 8.24 1.05 4.01 3.85
21.16 19.98 8.02 8.24 2.70 5.80 3.85
21.16 19.98 8.02 8.24 2.70 4.01 1.59
21.16 18.30 3.48 1.91 1.05 5.80 1.59
20.41 19.98 3.48 1.91 1.05 5.80 1.59
20.41 18.30 8.02 1.91 1.05 5.80 1.59
20.41 18.30 3.48 8.24 1.05 5.80 1.59
20.41 18.30 3.48 1.91 2.70 5.80 1.59
20.41 18.30 3.48 1.91 1.05 4.01 1.59
20.41 18.30 3.48 1.91 1.05 5.80 3.85
20.41 18.30 3.48 1.91 1.05 5.80 1.59
19.66 13.23 11.77 9.37 1.82 5.88 1.98
27.91 13.23 11.77 9.37 1.82 5.88 1.98
19.66 25.05 11.77 9.37 1.82 5.88 1.98
19.66 13.23 9.73 9.37 1.82 5.88 1.98
19.66 13.23 11.77 7.54 1.82 5.88 1.98
19.66 13.23 11.77 9.37 1.93 5.88 1.98
19.66 13.23 11.77 9.37 1.82 2.68 1.98
19.66 13.23 11.77 9.37 1.82 5.88 3.46
19.66 25.05 9.73 7.54 1.93 2.68 3.46
27.91 13.23 9.73 7.54 1.93 2.68 3.46
27.91 25.05 11.77 7.54 1.93 2.68 3.46
27.91 25.05 9.73 9.37 1.93 2.68 3.46
27.91 25.05 9.73 7.54 1.82 2.68 3.46
27.91 25.05 9.73 7.54 1.93 5.88 3.46
27.91 25.05 9.73 7.54 1.93 2.68 1.98
27.91 25.05 9.73 7.54 1.93 2.68 3.46
25.66 22.23 6.77 4.87 5.32 3.38 4.48
21.91 22.23 6.77 4.87 5.32 3.38 4.48
25.66 16.05 6.77 4.87 5.32 3.38 4.48
25.66 22.23 4.73 4.87 5.32 3.38 4.48
25.66 22.23 6.77 3.04 5.32 3.38 4.48
25.66 22.23 6.77 4.87 5.43 3.38 4.48
25.66 22.23 6.77 4.87 5.32 5.18 4.48
25.66 22.23 6.77 4.87 5.32 3.38 5.96
25.66 16.05 4.73 3.04 5.43 5.18 5.96
21.91 22.23 4.73 3.04 5.43 5.18 5.96
21.91 16.05 6.77 3.04 5.43 5.18 5.96
21.91 16.05 4.73 4.87 5.43 5.18 5.96
21.91 16.05 4.73 3.04 5.32 5.18 5.96
21.91 16.05 4.73 3.04 5.43 3.38 5.96
21.91 16.05 4.73 3.04 5.43 5.18 4.48
21.91 16.05 4.73 3.04 5.43 5.18 5.96
22.66 17.73 9.27 7.12 7.07 2.13 3.23
18.91 17.73 9.27 7.12 7.07 2.13 3.23
22.66 11.55 9.27 7.12 7.07 2.13 3.23
22.66 17.73 2.23 7.12 7.07 2.13 3.23
22.66 17.73 9.27 5.29 7.07 2.13 3.23
22.66 17.73 9.27 7.12 7.18 2.13 3.23
22.66 17.73 9.27 7.12 7.07 1.43 3.23
22.66 17.73 9.27 7.12 7.07 2.13 2.21
22.66 11.55 2.23 5.29 7.18 1.43 2.21
18.91 17.73 2.23 5.29 7.18 1.43 2.21
18.91 11.55 9.27 5.29 7.18 1.43 2.21
18.91 11.55 2.23 7.12 7.18 1.43 2.21
18.91 11.55 2.23 5.29 7.07 1.43 2.21
18.91 11.55 2.23 5.29 7.18 2.13 2.21
18.91 11.55 2.23 5.29 7.18 1.43 3.23
18.91 11.55 2.23 5.29 7.18 1.43 2.21
16.66 26.73 4.27 2.62 3.57 4.63 5.73
24.91 26.73 4.27 2.62 3.57 4.63 5.73
16.66 20.55 4.27 2.62 3.57 4.63 5.73
16.66 26.73 7.23 2.62 3.57 4.63 5.73
16.66 26.73 4.27 9.79 3.57 4.63 5.73
16.66 26.73 4.27 2.62 3.68 4.63 5.73
16.66 26.73 4.27 2.62 3.57 3.93 5.73
16.66 26.73 4.27 2.62 3.57 4.63 4.71
16.66 20.55 7.23 9.79 3.68 3.93 4.71
24.91 26.73 7.23 9.79 3.68 3.93 4.71
24.91 20.55 4.27 9.79 3.68 3.93 4.71
24.91 20.55 7.23 2.62 3.68 3.93 4.71
24.91 20.55 7.23 9.79 3.57 3.93 4.71
24.91 20.55 7.23 9.79 3.68 4.63 4.71
24.91 20.55 7.23 9.79 3.68 3.93 5.73
24.91 20.55 7.23 9.79 3.68 3.93 4.71
16.47 12.39 5.98 4.16 4.55 4.09 2.99
23.22 12.39 5.98 4.16 4.55 4.09 2.99
16.47 14.64 5.98 4.16 4.55 4.09 2.99
16.47 12.39 2.70 4.16 4.55 4.09 2.99
16.47 12.39 5.98 6.27 4.55 4.09 2.99
16.47 12.39 5.98 4.16 6.63 4.09 2.99
16.47 12.39 5.98 4.16 4.55 1.51 2.99
16.47 12.39 5.98 4.16 4.55 4.09 3.38
16.47 14.64 2.70 6.27 6.63 1.51 3.38
23.22 12.39 2.70 6.27 6.63 1.51 3.38
23.22 14.64 5.98 6.27 6.63 1.51 3.38
23.22 14.64 2.70 4.16 6.63 1.51 3.38
23.22 14.64 2.70 6.27 4.55 1.51 3.38
23.22 14.64 2.70 6.27 6.63 4.09 3.38
23.22 14.64 2.70 6.27 6.63 1.51 2.99
23.22 14.64 2.70 6.27 6.63 1.51 3.38
22.47 21.39 10.98 8.66 1.05 1.59 5.49
17.22 21.39 10.98 8.66 1.05 1.59 5.49
22.47 23.64 10.98 8.66 1.05 1.59 5.49
22.47 21.39 7.70 8.66 1.05 1.59 5.49
22.47 21.39 10.98 1.77 1.05 1.59 5.49
22.47 21.39 10.98 8.66 3.13 1.59 5.49
22.47 21.39 10.98 8.66 1.05 4.01 5.49
22.47 21.39 10.98 8.66 1.05 1.59 5.88
22.47 23.64 7.70 1.77 3.13 4.01 5.88
17.22 21.39 7.70 1.77 3.13 4.01 5.88
17.22 23.64 10.98 1.77 3.13 4.01 5.88
17.22 23.64 7.70 8.66 3.13 4.01 5.88
17.22 23.64 7.70 1.77 1.05 4.01 5.88
17.22 23.64 7.70 1.77 3.13 1.59 5.88
17.22 23.64 7.70 1.77 3.13 4.01 5.49
17.22 23.64 7.70 1.77 3.13 4.01 5.88
25.47 16.89 3.48 1.91 2.80 2.84 1.74
20.22 16.89 3.48 1.91 2.80 2.84 1.74
25.47 19.14 3.48 1.91 2.80 2.84 1.74
25.47 16.89 10.20 1.91 2.80 2.84 1.74
25.47 16.89 3.48 4.02 2.80 2.84 1.74
25.47 16.89 3.48 1.91 1.38 2.84 1.74
25.47 16.89 3.48 1.91 2.80 2.76 1.74
25.47 16.89 3.48 1.91 2.80 2.84 2.13
25.47 19.14 10.20 4.02 1.38 2.76 2.13
20.22 16.89 10.20 4.02 1.38 2.76 2.13
20.22 19.14 3.48 4.02 1.38 2.76 2.13
20.22 19.14 10.20 1.91 1.38 2.76 2.13
20.22 19.14 10.20 4.02 2.80 2.76 2.13
20.22 19.14 10.20 4.02 1.38 2.84 2.13
20.22 19.14 10.20 4.02 1.38 2.76 1.74
20.22 19.14 10.20 4.02 1.38 2.76 2.13
19.47 25.89 8.48 6.41 6.30 5.34 4.24
26.22 25.89 8.48 6.41 6.30 5.34 4.24
19.47 10.14 8.48 6.41 6.30 5.34 4.24
19.47 25.89 5.20 6.41 6.30 5.34 4.24
19.47 25.89 8.48 8.52 6.30 5.34 4.24
19.47 25.89 8.48 6.41 4.88 5.34 4.24
19.47 25.89 8.48 6.41 6.30 5.26 4.24
19.47 25.89 8.48 6.41 6.30 5.34 4.63
19.47 10.14 5.20 8.52 4.88 5.26 4.63
26.22 25.89 5.20 8.52 4.88 5.26 4.63
26.22 10.14 8.48 8.52 4.88 5.26 4.63
26.22 10.14 5.20 6.41 4.88 5.26 4.63
26.22 10.14 5.20 8.52 6.30 5.26 4.63
26.22 10.14 5.20 8.52 4.88 5.34 4.63
26.22 10.14 5.20 8.52 4.88 5.26 4.24
26.22 10.14 5.20 8.52 4.88 5.26 4.63
20.97 14.64 9.73 7.54 7.18 4.71 1.12
21.72 14.64 9.73 7.54 7.18 4.71 1.12
20.97 21.39 9.73 7.54 7.18 4.71 1.12
20.97 14.64 8.95 7.54 7.18 4.71 1.12
20.97 14.64 9.73 5.15 7.18 4.71 1.12
20.97 14.64 9.73 7.54 5.76 4.71 1.12
20.97 14.64 9.73 7.54 7.18 3.38 1.12
20.97 14.64 9.73 7.54 7.18 4.71 5.26
20.97 21.39 8.95 5.15 5.76 3.38 5.26
21.72 14.64 8.95 5.15 5.76 3.38 5.26
21.72 21.39 9.73 5.15 5.76 3.38 5.26
21.72 21.39 8.95 7.54 5.76 3.38 5.26
21.72 21.39 8.95 5.15 7.18 3.38 5.26
21.72 21.39 8.95 5.15 5.76 4.71 5.26
21.72 21.39 8.95 5.15 5.76 3.38 1.12
21.72 21.39 8.95 5.15 5.76 3.38 5.26
26.97 23.64 4.73 3.04 3.68 2.21 3.62
27.72 23.64 4.73 3.04 3.68 2.21 3.62
26.97 12.39 4.73 3.04 3.68 2.21 3.62
26.97 23.64 3.95 3.04 3.68 2.21 3.62
26.97 23.64 4.73 9.65 3.68 2.21 3.62
26.97 23.64 4.73 3.04 2.26 2.21 3.62
26.97 23.64 4.73 3.04 3.68 5.88 3.62
26.97 23.64 4.73 3.04 3.68 2.21 2.76
26.97 12.39 3.95 9.65 2.26 5.88 2.76
27.72 23.64 3.95 9.65 2.26 5.88 2.76
27.72 12.39 4.73 9.65 2.26 5.88 2.76
27.72 12.39 3.95 3.04 2.26 5.88 2.76
27.72 12.39 3.95 9.65 3.68 5.88 2.76
27.72 12.39 3.95 9.65 2.26 2.21 2.76
27.72 12.39 3.95 9.65 2.26 5.88 3.62
27.72 12.39 3.95 9.65 2.26 5.88 2.76
23.97 10.14 7.23 9.79 1.93 3.46 2.37
24.72 10.14 7.23 9.79 1.93 3.46 2.37
23.97 16.89 7.23 9.79 1.93 3.46 2.37
23.97 10.14 6.45 9.79 1.93 3.46 2.37
23.97 10.14 7.23 7.40 1.93 3.46 2.37
23.97 10.14 7.23 9.79 4.01 3.46 2.37
23.97 10.14 7.23 9.79 1.93 2.13 2.37
23.97 10.14 7.23 9.79 1.93 3.46 4.01
23.97 16.89 6.45 7.40 4.01 2.13 4.01
24.72 10.14 6.45 7.40 4.01 2.13 4.01
24.72 16.89 7.23 7.40 4.01 2.13 4.01
24.72 16.89 6.45 9.79 4.01 2.13 4.01
24.72 16.89 6.45 7.40 1.93 2.13 4.01
24.72 16.89 6.45 7.40 4.01 3.46 4.01
24.72 16.89 6.45 7.40 4.01 2.13 2.37
24.72 16.89 6.45 7.40 4.01 2.13 4.01
17.97 19.14 2.23 5.29 5.43 5.96 4.87
18.72 19.14 2.23 5.29 5.43 5.96 4.87
17.97 25.89 2.23 5.29 5.43 5.96 4.87
17.97 19.14 11.45 5.29 5.43 5.96 4.87
17.97 19.14 2.23 2.90 5.43 5.96 4.87
17.97 19.14 2.23 5.29 7.51 5.96 4.87
17.97 19.14 2.23 5.29 5.43 4.63 4.87
17.97 19.14 2.23 5.29 5.43 5.96 1.51
17.97 25.89 11.45 2.90 7.51 4.63 1.51
18.72 19.14 11.45 2.90 7.51 4.63 1.51
18.72 25.89 2.23 2.90 7.51 4.63 1.51
18.72 25.89 11.45 5.29 7.51 4.63 1.51
18.72 25.89 11.45 2.90 5.43 4.63 1.51
18.72 25.89 11.45 2.90 7.51 5.96 1.51
18.72 25.89 11.45 2.90 7.51 4.63 4.87
18.72 25.89 11.45 2.90 7.51 4.63 1.51
18.72 18.02 7.86 2.48 1.49 5.02 1.43
20.97 18.02 7.86 2.48 1.49 5.02 1.43
18.72 22.52 7.86 2.48 1.49 5.02 1.43
18.72 18.02 4.58 2.48 1.49 5.02 1.43
18.72 18.02 7.86 2.34 1.49 5.02 1.43
18.72 18.02 7.86 2.48 7.07 5.02 1.43
18.72 18.02 7.86 2.48 1.49 5.57 1.43
18.72 18.02 7.86 2.48 1.49 5.02 3.70
18.72 22.52 4.58 2.34 7.07 5.57 3.70
20.97 18.02 4.58 2.34 7.07 5.57 3.70
20.97 22.52 7.86 2.34 7.07 5.57 3.70
20.97 22.52 4.58 2.48 7.07 5.57 3.70
20.97 22.52 4.58 2.34 1.49 5.57 3.70
20.97 22.52 4.58 2.34 7.07 5.02 3.70
20.97 22.52 4.58 2.34 7.07 5.57 1.43
20.97 22.52 4.58 2.34 7.07 5.57 3.70
24.72 27.02 2.86 6.98 4.99 2.52 3.93
26.97 27.02 2.86 6.98 4.99 2.52 3.93
24.72 13.52 2.86 6.98 4.99 2.52 3.93
24.72 27.02 9.58 6.98 4.99 2.52 3.93
24.72 27.02 2.86 6.84 4.99 2.52 3.93
24.72 27.02 2.86 6.98 3.57 2.52 3.93
24.72 27.02 2.86 6.98 4.99 3.07 3.93
24.72 27.02 2.86 6.98 4.99 2.52 1.20
24.72 13.52 9.58 6.84 3.57 3.07 1.20
26.97 27.02 9.58 6.84 3.57 3.07 1.20
26.97 13.52 2.86 6.84 3.57 3.07 1.20
26.97 13.52 9.58 6.98 3.57 3.07 1.20
26.97 13.52 9.58 6.84 4.99 3.07 1.20
26.97 13.52 9.58 6.84 3.57 2.52 1.20
26.97 13.52 9.58 6.84 3.57 3.07 3.93
26.97 13.52 9.58 6.84 3.57 3.07 1.20
27.72 13.52 10.36 4.73 6.74 1.27 2.68
23.97 13.52 10.36 4.73 6.74 1.27 2.68
27.72 18.02 10.36 4.73 6.74 1.27 2.68
27.72 13.52 7.08 4.73 6.74 1.27 2.68
27.72 13.52 10.36 9.09 6.74 1.27 2.68
27.72 13.52 10.36 4.73 1.82 1.27 2.68
27.72 13.52 10.36 4.73 6.74 4.32 2.68
27.72 13.52 10.36 4.73 6.74 1.27 4.95
27.72 18.02 7.08 9.09 1.82 4.32 4.95
23.97 13.52 7.08 9.09 1.82 4.32 4.95
23.97 18.02 10.36 9.09 1.82 4.32 4.95
23.97 18.02 7.08 4.73 1.82 4.32 4.95
23.97 18.02 7.08 9.09 6.74 4.32 4.95
23.97 18.02 7.08 9.09 1.82 1.27 4.95
23.97 18.02 7.08 9.09 1.82 4.32 2.68
23.97 18.02 7.08 9.09 1.82 4.32 4.95
21.72 22.52 5.36 9.23 3.24 3.77 5.18
17.97 22.52 5.36 9.23 3.24 3.77 5.18
21.72 27.02 5.36 9.23 3.24 3.77 5.18
21.72 22.52 2.08 9.23 3.24 3.77 5.18
21.72 22.52 5.36 4.59 3.24 3.77 5.18
21.72 22.52 5.36 9.23 5.32 3.77 5.18
21.72 22.52 5.36 9.23 3.24 1.82 5.18
21.72 22.52 5.36 9.23 3.24 3.77 2.45
21.72 27.02 2.08 4.59 5.32 1.82 2.45
17.97 22.52 2.08 4.59 5.32 1.82 2.45
17.97 27.02 5.36 4.59 5.32 1.82 2.45
17.97 27.02 2.08 9.23 5.32 1.82 2.45
17.97 27.02 2.08 4.59 3.24 1.82 2.45
17.97 27.02 2.08 4.59 5.32 3.77 2.45
17.97 27.02 2.08 4.59 5.32 1.82 5.18
17.97 27.02 2.08 4.59 5.32 1.82 2.45
20.22 11.27 4.11 8.10 4.12 5.65 3.30
22.47 11.27 4.11 8.10 4.12 5.65 3.30
20.22 15.77 4.11 8.10 4.12 5.65 3.30
20.22 11.27 10.83 8.10 4.12 5.65 3.30
20.22 11.27 4.11 7.96 4.12 5.65 3.30
20.22 11.27 4.11 8.10 6.20 5.65 3.30
20.22 11.27 4.11 8.10 4.12 3.70 3.30
20.22 11.27 4.11 8.10 4.12 5.65 1.82
20.22 15.77 10.83 7.96 6.20 3.70 1.82
22.47 11.27 10.83 7.96 6.20 3.70 1.82
22.47 15.77 4.11 7.96 6.20 3.70 1.82
22.47 15.77 10.83 8.10 6.20 3.70 1.82
22.47 15.77 10.83 7.96 4.12 3.70 1.82
22.47 15.77 10.83 7.96 6.20 5.65 1.82
22.47 15.77 10.83 7.96 6.20 3.70 3.30
22.47 15.77 10.83 7.96 6.20 3.70 1.82
26.22 20.27 9.11 3.60 7.62 3.15 5.80
16.47 20.27 9.11 3.60 7.62 3.15 5.80
26.22 24.77 9.11 3.60 7.62 3.15 5.80
26.22 20.27 5.83 3.60 7.62 3.15 5.80
26.22 20.27 9.11 3.46 7.62 3.15 5.80
26.22 20.27 9.11 3.60 2.70 3.15 5.80
26.22 20.27 9.11 3.60 7.62 1.20 5.80
26.22 20.27 9.11 3.60 7.62 3.15 4.32
26.22 24.77 5.83 3.46 2.70 1.20 4.32
16.47 20.27 5.83 3.46 2.70 1.20 4.32
16.47 24.77 9.11 3.46 2.70 1.20 4.32
16.47 24.77 5.83 3.60 2.70 1.20 4.32
16.47 24.77 5.83 3.46 7.62 1.20 4.32
16.47 24.77 5.83 3.46 2.70 3.15 4.32
16.47 24.77 5.83 3.46 2.70 1.20 5.80
16.47 24.77 5.83 3.46 2.70 1.20 4.32
23.22 15.77 6.61 5.85 5.87 1.90 2.05
19.47 15.77 6.61 5.85 5.87 1.90 2.05
23.22 20.27 6.61 5.85 5.87 1.90 2.05
23.22 15.77 3.33 5.85 5.87 1.90 2.05
23.22 15.77 6.61 1.21 5.87 1.90 2.05
23.22 15.77 6.61 5.85 4.45 1.90 2.05
23.22 15.77 6.61 5.85 5.87 4.95 2.05
23.22 15.77 6.61 5.85 5.87 1.90 3.07
23.22 20.27 3.33 1.21 4.45 4.95 3.07
19.47 15.77 3.33 1.21 4.45 4.95 3.07
19.47 20.27 6.61 1.21 4.45 4.95 3.07
19.47 20.27 3.33 5.85 4.45 4.95 3.07
19.47 20.27 3.33 1.21 5.87 4.95 3.07
19.47 20.27 3.33 1.21 4.45 1.90 3.07
19.47 20.27 3.33 1.21 4.45 4.95 2.05
19.47 20.27 3.33 1.21 4.45 4.95 3.07
17.22 24.77 11.61 1.35 2.37 4.40 4.55
25.47 24.77 11.61 1.35 2.37 4.40 4.55
17.22 11.27 11.61 1.35 2.37 4.40 4.55
17.22 24.77 8.33 1.35 2.37 4.40 4.55
17.22 24.77 11.61 5.71 2.37 4.40 4.55
17.22 24.77 11.61 1.35 7.95 4.40 4.55
17.22 24.77 11.61 1.35 2.37 2.45 4.55
17.22 24.77 11.61 1.35 2.37 4.40 5.57
17.22 11.27 8.33 5.71 7.95 2.45 5.57
25.47 24.77 8.33 5.71 7.95 2.45 5.57
25.47 11.27 11.61 5.71 7.95 2.45 5.57
25.47 11.27 8.33 1.35 7.95 2.45 5.57
25.47 11.27 8.33 5.71 2.37 2.45 5.57
25.47 11.27 8.33 5.71 7.95 4.40 5.57
25.47 11.27 8.33 5.71 7.95 2.45 4.55
25.47 11.27 8.33 5.71 7.95 2.45 5.57
16.84 16.33 3.17 9.51 6.52 2.99 5.65
19.09 16.33 3.17 9.51 6.52 2.99 5.65
16.84 14.08 3.17 9.51 6.52 2.99 5.65
16.84 16.33 4.27 9.51 6.52 2.99 5.65
16.84 16.33 3.17 5.99 6.52 2.99 5.65
16.84 16.33 3.17 9.51 5.54 2.99 5.65
16.84 16.33 3.17 9.51 6.52 4.48 5.65
16.84 16.33 3.17 9.51 6.52 2.99 5.10
16.84 14.08 4.27 5.99 5.54 4.48 5.10
19.09 16.33 4.27 5.99 5.54 4.48 5.10
19.09 14.08 3.17 5.99 5.54 4.48 5.10
19.09 14.08 4.27 9.51 5.54 4.48 5.10
19.09 14.08 4.27 5.99 6.52 4.48 5.10
19.09 14.08 4.27 5.99 5.54 2.99 5.10
19.09 14.08 4.27 5.99 5.54 4.48 5.65
19.09 14.08 4.27 5.99 5.54 4.48 5.10
22.84 25.33 8.17 5.01 3.02 5.49 3.15
25.09 25.33 8.17 5.01 3.02 5.49 3.15
22.84 23.08 8.17 5.01 3.02 5.49 3.15
22.84 25.33 9.27 5.01 3.02 5.49 3.15
22.84 25.33 8.17 1.49 3.02 5.49 3.15
22.84 25.33 8.17 5.01 2.04 5.49 3.15
22.84 25.33 8.17 5.01 3.02 1.98 3.15
22.84 25.33 8.17 5.01 3.02 5.49 2.60
22.84 23.08 9.27 1.49 2.04 1.98 2.60
25.09 25.33 9.27 1.49 2.04 1.98 2.60
25.09 23.08 8.17 1.49 2.04 1.98 2.60
25.09 23.08 9.27 5.01 2.04 1.98 2.60
25.09 23.08 9.27 1.49 3.02 1.98 2.60
25.09 23.08 9.27 1.49 2.04 5.49 2.60
25.09 23.08 9.27 1.49 2.04 1.98 3.15
25.09 23.08 9.27 1.49 2.04 1.98 2.60
25.84 11.83 5.67 7.26 1.27 4.24 4.40
22.09 11.83 5.67 7.26 1.27 4.24 4.40
25.84 27.58 5.67 7.26 1.27 4.24 4.40
25.84 11.83 11.77 7.26 1.27 4.24 4.40
25.84 11.83 5.67 3.74 1.27 4.24 4.40
25.84 11.83 5.67 7.26 3.79 4.24 4.40
25.84 11.83 5.67 7.26 1.27 5.73 4.40
25.84 11.83 5.67 7.26 1.27 4.24 3.85
25.84 27.58 11.77 3.74 3.79 5.73 3.85
22.09 11.83 11.77 3.74 3.79 5.73 3.85
22.09 27.58 5.67 3.74 3.79 5.73 3.85
22.09 27.58 11.77 7.26 3.79 5.73 3.85
22.09 27.58 11.77 3.74 1.27 5.73 3.85
22.09 27.58 11.77 3.74 3.79 4.24 3.85
22.09 27.58 11.77 3.74 3.79 5.73 4.40
22.09 27.58 11.77 3.74 3.79 5.73 3.85
19.84 20.83 10.67 2.76 4.77 1.74 1.90
16.09 20.83 10.67 2.76 4.77 1.74 1.90
19.84 18.58 10.67 2.76 4.77 1.74 1.90
19.84 20.83 6.77 2.76 4.77 1.74 1.90
19.84 20.83 10.67 8.24 4.77 1.74 1.90
19.84 20.83 10.67 2.76 7.29 1.74 1.90
19.84 20.83 10.67 2.76 4.77 3.23 1.90
19.84 20.83 10.67 2.76 4.77 1.74 1.35
19.84 18.58 6.77 8.24 7.29 3.23 1.35
16.09 20.83 6.77 8.24 7.29 3.23 1.35
16.09 18.58 10.67 8.24 7.29 3.23 1.35
16.09 18.58 6.77 2.76 7.29 3.23 1.35
16.09 18.58 6.77 8.24 4.77 3.23 1.35
16.09 18.58 6.77 8.24 7.29 1.74 1.35
16.09 18.58 6.77 8.24 7.29 3.23 1.90
16.09 18.58 6.77 8.24 7.29 3.23 1.35
21.34 14.08 9.42 1.63 5.65 2.37 3.77
23.59 14.08 9.42 1.63 5.65 2.37 3.77
21.34 25.33 9.42 1.63 5.65 2.37 3.77
21.34 14.08 8.02 1.63 5.65 2.37 3.77
21.34 14.08 9.42 4.87 5.65 2.37 3.77
21.34 14.08 9.42 1.63 6.41 2.37 3.77
21.34 14.08 9.42 1.63 5.65 5.10 3.77
21.34 14.08 9.42 1.63 5.65 2.37 3.23
21.34 25.33 8.02 4.87 6.41 5.10 3.23
23.59 14.08 8.02 4.87 6.41 5.10 3.23
23.59 25.33 9.42 4.87 6.41 5.10 3.23
23.59 25.33 8.02 1.63 6.41 5.10 3.23
23.59 25.33 8.02 4.87 5.65 5.10 3.23
23.59 25.33 8.02 4.87 6.41 2.37 3.23
23.59 25.33 8.02 4.87 6.41 5.10 3.77
23.59 25.33 8.02 4.87 6.41 5.10 3.23
27.34 23.08 4.42 6.13 2.15 4.87 1.27
17.59 23.08 4.42 6.13 2.15 4.87 1.27
27.34 16.33 4.42 6.13 2.15 4.87 1.27
27.34 23.08 3.02 6.13 2.15 4.87 1.27
27.34 23.08 4.42 9.37 2.15 4.87 1.27
27.34 23.08 4.42 6.13 2.91 4.87 1.27
27.34 23.08 4.42 6.13 2.15 2.60 1.27
27.34 23.08 4.42 6.13 2.15 4.87 5.73
27.34 16.33 3.02 9.37 2.91 2.60 5.73
17.59 23.08 3.02 9.37 2.91 2.60 5.73
17.59 16.33 4.42 9.37 2.91 2.60 5.73
17.59 16.33 3.02 6.13 2.91 2.60 5.73
17.59 16.33 3.02 9.37 2.15 2.60 5.73
17.59 16.33 3.02 9.37 2.91 4.87 5.73
17.59 16.33 3.02 9.37 2.91 2.60 1.27
17.59 16.33 3.02 9.37 2.91 2.60 5.73
24.34 18.58 11.92 3.88 3.90 3.62 5.02
20.59 18.58 11.92 3.88 3.90 3.62 5.02
24.34 11.83 11.92 3.88 3.90 3.62 5.02
24.34 18.58 5.52 3.88 3.90 3.62 5.02
24.34 18.58 11.92 7.12 3.90 3.62 5.02
24.34 18.58 11.92 3.88 1.16 3.62 5.02
24.34 18.58 11.92 3.88 3.90 3.85 5.02
24.34 18.58 11.92 3.88 3.90 3.62 1.98
24.34 11.83 5.52 7.12 1.16 3.85 1.98
20.59 18.58 5.52 7.12 1.16 3.85 1.98
20.59 11.83 11.92 7.12 1.16 3.85 1.98
20.59 11.83 5.52 3.88 1.16 3.85 1.98
20.59 11.83 5.52 7.12 3.90 3.85 1.98
20.59 11.83 5.52 7.12 1.16 3.62 1.98
20.59 11.83 5.52 7.12 1.16 3.85 5.02
20.59 11.83 5.52 7.12 1.16 3.85 1.98
18.34 27.58 6.92 8.38 7.40 1.12 2.52
26.59 27.58 6.92 8.38 7.40 1.12 2.52
18.34 20.83 6.92 8.38 7.40 1.12 2.52
18.34 27.58 10.52 8.38 7.40 1.12 2.52
18.34 27.58 6.92 2.62 7.40 1.12 2.52
18.34 27.58 6.92 8.38 4.66 1.12 2.52
18.34 27.58 6.92 8.38 7.40 1.35 2.52
18.34 27.58 6.92 8.38 7.40 1.12 4.48
18.34 20.83 10.52 2.62 4.66 1.35 4.48
26.59 27.58 10.52 2.62 4.66 1.35 4.48
26.59 20.83 6.92 2.62 4.66 1.35 4.48
26.59 20.83 10.52 8.38 4.66 1.35 4.48
26.59 20.83 10.52 2.62 7.40 1.35 4.48
26.59 20.83 10.52 2.62 4.66 1.12 4.48
26.59 20.83 10.52 2.62 4.66 1.35 2.52
26.59 20.83 10.52 2.62 4.66 1.35 4.48
17.59 10.70 11.30 5.57 3.46 2.05 4.09
24.34 10.70 11.30 5.57 3.46 2.05 4.09
17.59 24.20 11.30 5.57 3.46 2.05 4.09
17.59 10.70 6.14 5.57 3.46 2.05 4.09
17.59 10.70 11.30 3.18 3.46 2.05 4.09
17.59 10.70 11.30 5.57 5.98 2.05 4.09
17.59 10.70 11.30 5.57 3.46 2.29 4.09
17.59 10.70 11.30 5.57 3.46 2.05 1.66
17.59 24.20 6.14 3.18 5.98 2.29 1.66
24.34 10.70 6.14 3.18 5.98 2.29 1.66
24.34 24.20 11.30 3.18 5.98 2.29 1.66
24.34 24.20 6.14 5.57 5.98 2.29 1.66
24.34 24.20 6.14 3.18 3.46 2.29 1.66
24.34 24.20 6.14 3.18 5.98 2.05 1.66
24.34 24.20 6.14 3.18 5.98 2.29 4.09
24.34 24.20 6.14 3.18 5.98 2.29 1.66
23.59 19.70 6.30 1.07 6.96 4.55 1.59
18.34 19.70 6.30 1.07 6.96 4.55 1.59
23.59 15.20 6.30 1.07 6.96 4.55 1.59
23.59 19.70 11.14 1.07 6.96 4.55 1.59
23.59 19.70 6.30 7.68 6.96 4.55 1.59
23.59 19.70 6.30 1.07 2.48 4.55 1.59
23.59 19.70 6.30 1.07 6.96 4.79 1.59
23.59 19.70 6.30 1.07 6.96 4.55 4.16
23.59 15.20 11.14 7.68 2.48 4.79 4.16
18.34 19.70 11.14 7.68 2.48 4.79 4.16
18.34 15.20 6.30 7.68 2.48 4.79 4.16
18.34 15.20 11.14 1.07 2.48 4.79 4.16
18.34 15.20 11.14 7.68 6.96 4.79 4.16
18.34 15.20 11.14 7.68 2.48 4.55 4.16
18.34 15.20 11.14 7.68 2.48 4.79 1.59
18.34 15.20 11.14 7.68 2.48 4.79 4.16
26.59 15.20 8.80 7.82 5.21 5.80 5.34
21.34 15.20 8.80 7.82 5.21 5.80 5.34
26.59 10.70 8.80 7.82 5.21 5.80 5.34
26.59 15.20 8.64 7.82 5.21 5.80 5.34
26.59 15.20 8.80 9.93 5.21 5.80 5.34
26.59 15.20 8.80 7.82 4.23 5.80 5.34
26.59 15.20 8.80 7.82 5.21 1.04 5.34
26.59 15.20 8.80 7.82 5.21 5.80 2.91
26.59 10.70 8.64 9.93 4.23 1.04 2.91
21.34 15.20 8.64 9.93 4.23 1.04 2.91
21.34 10.70 8.80 9.93 4.23 1.04 2.91
21.34 10.70 8.64 7.82 4.23 1.04 2.91
21.34 10.70 8.64 9.93 5.21 1.04 2.91
21.34 10.70 8.64 9.93 4.23 5.80 2.91
21.34 10.70 8.64 9.93 4.23 1.04 5.34
21.34 10.70 8.64 9.93 4.23 1.04 2.91
20.59 24.20 3.80 3.32 1.71 3.30 2.84
27.34 24.20 3.80 3.32 1.71 3.30 2.84
20.59 19.70 3.80 3.32 1.71 3.30 2.84
20.59 24.20 3.64 3.32 1.71 3.30 2.84
20.59 24.20 3.80 5.43 1.71 3.30 2.84
20.59 24.20 3.80 3.32 7.73 3.30 2.84
20.59 24.20 3.80 3.32 1.71 3.54 2.84
20.59 24.20 3.80 3.32 1.71 3.30 5.41
20.59 19.70 3.64 5.43 7.73 3.54 5.41
27.34 24.20 3.64 5.43 7.73 3.54 5.41
27.34 19.70 3.80 5.43 7.73 3.54 5.41
27.34 19.70 3.64 3.32 7.73 3.54 5.41
27.34 19.70 3.64 5.43 1.71 3.54 5.41
27.34 19.70 3.64 5.43 7.73 3.30 5.41
27.34 19.70 3.64 5.43 7.73 3.54 2.84
27.34 19.70 3.64 5.43 7.73 3.54 5.41
19.09 17.45 5.05 4.45 2.59 1.43 5.96
19.84 17.45 5.05 4.45 2.59 1.43 5.96
19.09 12.95 5.05 4.45 2.59 1.43 5.96
19.09 17.45 9.89 4.45 2.59 1.43 5.96
19.09 17.45 5.05 8.80 2.59 1.43 5.96
19.09 17.45 5.05 4.45 6.85 1.43 5.96
19.09 17.45 5.05 4.45 2.59 1.66 5.96
19.09 17.45 5.05 4.45 2.59 1.43 3.54
19.09 12.95 9.89 8.80 6.85 1.66 3.54
19.84 17.45 9.89 8.80 6.85 1.66 3.54
19.84 12.95 5.05 8.80 6.85 1.66 3.54
19.84 12.95 9.89 4.45 6.85 1.66 3.54
19.84 12.95 9.89 8.80 2.59 1.66 3.54
19.84 12.95 9.89 8.80 6.85 1.43 3.54
19.84 12.95 9.89 8.80 6.85 1.66 5.96
19.84 12.95 9.89 8.80 6.85 1.66 3.54
25.09 26.45 10.05 8.95 6.09 3.93 3.46
25.84 26.45 10.05 8.95 6.09 3.93 3.46
25.09 21.95 10.05 8.95 6.09 3.93 3.46
25.09 26.45 4.89 8.95 6.09 3.93 3.46
25.09 26.45 10.05 4.30 6.09 3.93 3.46
25.09 26.45 10.05 8.95 3.35 3.93 3.46
25.09 26.45 10.05 8.95 6.09 4.16 3.46
25.09 26.45 10.05 8.95 6.09 3.93 1.04
25.09 21.95 4.89 4.30 3.35 4.16 1.04
25.84 26.45 4.89 4.30 3.35 4.16 1.04
25.84 21.95 10.05 4.30 3.35 4.16 1.04
25.84 21.95 4.89 8.95 3.35 4.16 1.04
25.84 21.95 4.89 4.30 6.09 4.16 1.04
25.84 21.95 4.89 4.30 3.35 3.93 1.04
25.84 21.95 4.89 4.30 3.35 4.16 3.46
25.84 21.95 4.89 4.30 3.35 4.16 1.04
22.09 12.95 2.55 2.20 7.84 5.18 4.71
22.84 12.95 2.55 2.20 7.84 5.18 4.71
22.09 26.45 2.55 2.20 7.84 5.18 4.71
22.09 12.95 2.39 2.20 7.84 5.18 4.71
22.09 12.95 2.55 2.05 7.84 5.18 4.71
22.09 12.95 2.55 2.20 1.60 5.18 4.71
22.09 12.95 2.55 2.20 7.84 2.91 4.71
22.09 12.95 2.55 2.20 7.84 5.18 4.79
22.09 26.45 2.39 2.05 1.60 2.91 4.79
22.84 12.95 2.39 2.05 1.60 2.91 4.79
22.84 26.45 2.55 2.05 1.60 2.91 4.79
22.84 26.45 2.39 2.20 1.60 2.91 4.79
22.84 26.45 2.39 2.05 7.84 2.91 4.79
22.84 26.45 2.39 2.05 1.60 5.18 4.79
22.84 26.45 2.39 2.05 1.60 2.91 4.71
22.84 26.45 2.39 2.05 1.60 2.91 4.79
16.09 21.95 7.55 6.70 4.34 2.68 2.21
16.84 21.95 7.55 6.70 4.34 2.68 2.21
16.09 17.45 7.55 6.70 4.34 2.68 2.21
16.09 21.95 7.39 6.70 4.34 2.68 2.21
16.09 21.95 7.55 6.55 4.34 2.68 2.21
16.09 21.95 7.55 6.70 5.10 2.68 2.21
16.09 21.95 7.55 6.70 4.34 5.41 2.21
16.09 21.95 7.55 6.70 4.34 2.68 2.29
16.09 17.45 7.39 6.55 5.10 5.41 2.29
16.84 21.95 7.39 6.55 5.10 5.41 2.29
16.84 17.45 7.55 6.55 5.10 5.41 2.29
16.84 17.45 7.39 6.70 5.10 5.41 2.29
16.84 17.45 7.39 6.55 4.34 5.41 2.29
16.84 17.45 7.39 6.55 5.10 2.68 2.29
16.84 17.45 7.39 6.55 5.10 5.41 2.21
16.84 17.45 7.39 6.55 5.10 5.41 2.29
