18.8 4.6 5.5 6.3 6.9 1096.0
20.5 7.0 4.6 4.4 4.4 1011.0
24.0 4.6 7.0 4.0 4.5 866.0
25.3 6.2 6.0 6.5 4.2 821.0
27.1 5.1 4.2 5.0 6.3 769.0
19.5 4.3 5.0 4.3 4.2 1060.0
26.0 5.2 6.3 4.8 5.3 800.0
27.1 5.5 4.8 6.9 5.2 770.0
21.3 6.1 4.2 5.4 6.9 972.0
24.2 6.5 5.2 4.9 5.6 859.0
18.5 5.8 4.4 5.9 4.4 1114.0
23.9 4.5 5.1 5.5 4.9 868.0
18.1 4.1 5.8 4.5 6.7 1136.0
18.7 6.8 6.3 5.2 4.4 1100.0
23.8 5.9 6.5 6.2 6.0 873.0
20.9 5.5 6.2 4.1 5.7 988.0
18.8 5.8 4.7 5.1 4.8 1093.0
19.7 4.3 6.5 5.4 5.3 1048.0
26.1 4.0 6.9 6.0 5.2 798.0
26.4 4.1 6.3 6.4 6.8 790.0
27.0 5.0 4.4 4.5 4.3 772.0
20.5 5.8 7.0 6.7 4.7 1009.0
23.5 4.7 4.3 6.8 5.6 883.0
19.7 6.5 5.6 7.0 6.0 1047.0
24.4 6.6 4.2 6.7 6.5 851.0
26.4 7.0 6.6 4.1 7.0 788.0
27.3 6.6 6.7 6.5 6.6 765.0
27.1 6.8 4.4 4.1 7.0 771.0
18.4 4.1 6.8 4.0 4.1 1120.0
26.5 6.5 4.5 6.4 6.7 788.0
18.6 4.1 6.6 6.9 4.5 1107.0
19.3 6.9 4.0 4.2 6.8 1070.0
26.7 4.0 6.6 4.5 4.3 781.0
19.2 6.5 4.3 6.8 6.7 1072.0
27.6 4.4 6.8 6.6 4.6 755.0
27.2 4.4 4.5 4.3 6.8 767.0
19.6 6.6 6.8 4.4 4.1 1051.0
27.6 4.2 4.4 6.5 6.5 755.0
18.5 6.9 6.6 6.6 4.2 1116.0
19.1 4.3 4.5 4.2 6.5 1077.0
27.9 6.7 6.9 4.1 4.0 747.0
18.6 4.2 4.2 7.0 7.0 1110.0
27.7 6.6 6.9 7.0 4.1 753.0
18.1 6.9 6.8 4.2 6.9 1138.0
27.6 4.0 4.1 4.6 4.5 756.0
28.0 6.9 4.3 6.6 4.6 746.0
19.9 4.5 6.5 4.4 6.5 1040.0
18.6 6.4 6.6 7.0 6.8 1108.0
26.3 4.6 4.3 6.7 4.0 791.0
26.5 6.6 4.1 4.4 4.1 785.0
20.0 4.4 6.6 6.8 6.8 1033.0
19.0 6.6 4.0 4.1 4.0 1088.0
26.2 4.5 6.4 4.3 6.7 794.0
19.1 7.0 4.5 6.6 4.5 1081.0
26.6 4.1 6.7 6.9 6.4 783.0
18.2 4.5 4.3 4.5 4.1 1130.0
19.0 4.1 4.3 6.9 4.3 1085.0
24.5 6.8 6.6 4.1 6.5 848.0
25.5 6.9 6.8 6.8 6.7 816.0
27.0 6.8 4.2 4.6 6.4 773.0
25.2 4.1 6.6 4.4 4.6 827.0
18.9 6.3 4.4 6.8 6.8 1088.0
26.9 4.3 6.1 4.4 4.2 775.0
19.4 6.5 4.1 6.0 6.5 1064.0
25.8 4.2 6.6 6.9 4.2 808.0
27.1 6.3 4.3 4.5 7.0 770.0
18.6 6.9 6.2 4.5 4.5 1108.0
28.0 4.5 6.5 6.1 6.5 745.0
18.4 6.8 4.2 6.7 4.7 1118.0
24.4 4.0 6.6 4.1 6.9 853.0
26.9 6.5 4.4 6.5 4.6 774.0
19.7 4.2 6.2 4.6 4.4 1046.0
18.1 5.9 6.5 6.6 6.8 1139.0
26.7 4.4 4.2 4.9 4.1 781.0
18.1 6.2 4.0 4.5 6.9 1137.0
24.6 6.8 6.7 6.8 4.3 844.0
26.1 4.3 4.5 4.3 6.1 798.0
18.9 6.5 5.8 6.9 4.3 1089.0
27.7 4.0 6.5 4.1 6.0 752.0
18.1 4.5 4.1 6.2 6.9 1135.0
27.5 5.9 6.7 6.7 4.3 758.0
19.6 6.6 4.2 5.2 6.5 1054.0
24.8 6.5 6.6 4.3 4.1 838.0
19.2 4.5 4.6 6.8 6.4 1074.0
25.9 4.2 4.1 4.1 4.2 803.0
26.7 6.1 6.9 6.7 6.6 780.0
19.1 6.6 4.2 4.5 4.8 1081.0
27.6 4.5 5.9 6.6 4.1 754.0
19.9 6.5 6.8 4.1 6.3 1039.0
26.2 4.4 4.2 5.8 6.6 796.0
18.7 6.3 6.9 7.0 4.3 1102.0
24.4 4.3 4.6 4.6 6.8 853.0
19.8 6.8 6.7 6.1 4.4 1042.0
27.3 4.3 4.7 4.3 6.4 763.0
19.0 5.9 4.6 6.5 4.4 1084.0
26.9 6.6 5.9 4.1 6.7 774.0
18.2 4.1 6.7 5.8 4.6 1129.0
25.6 6.5 4.6 6.9 4.6 813.0
18.8 4.3 6.6 4.1 6.0 1094.0
25.0 4.2 4.1 6.7 6.7 831.0
26.1 6.1 6.5 4.3 4.2 797.0
18.6 6.5 4.1 6.6 6.0 1105.0
27.1 4.3 5.8 4.4 6.9 770.0
19.0 6.5 4.2 6.0 4.3 1085.0
25.4 4.5 7.0 7.0 6.7 819.0
26.2 6.3 4.3 4.6 4.6 795.0
19.6 6.4 6.1 4.6 7.0 1054.0
27.1 4.6 6.7 5.9 4.2 770.0
18.3 4.5 4.1 6.5 6.3 1123.0
26.1 6.1 6.4 4.3 7.0 797.0
19.9 6.6 6.4 6.8 4.6 1035.0
27.5 4.4 5.0 4.1 4.5 759.0
20.0 6.7 4.5 6.9 6.4 1032.0
18.3 4.1 4.3 5.1 4.1 1124.0
26.6 6.9 6.0 6.6 7.0 784.0
19.8 4.0 6.7 4.6 4.6 1043.0
25.2 6.8 4.2 4.1 6.7 825.0
26.0 4.4 6.9 6.7 4.9 800.0
18.2 6.4 4.3 4.4 4.4 1130.0
26.6 6.7 6.6 6.6 6.3 784.0
19.1 4.2 4.1 4.7 6.5 1082.0
27.3 6.7 6.3 4.4 4.4 764.0
18.2 5.2 4.4 6.7 6.5 1129.0
25.2 4.5 4.1 6.7 4.2 826.0
18.2 4.4 5.8 4.5 7.0 1131.0
18.0 6.2 6.8 4.2 4.0 1140.0
25.5 6.9 4.1 4.4 4.1 816.0
26.6 6.8 6.8 6.4 6.4 782.0
26.6 4.2 6.7 6.8 5.8 785.0
19.2 6.5 4.7 6.4 4.4 1076.0
18.3 4.4 4.1 4.4 6.3 1123.0
27.8 6.4 7.0 6.2 4.5 749.0
26.8 4.4 4.5 6.9 5.9 778.0
19.7 6.2 6.4 4.3 6.9 1048.0
21.7 4.4 4.6 4.0 4.5 954.0
18.9 6.4 6.0 6.8 6.8 1092.0
26.8 4.6 6.4 5.2 4.6 777.0
27.1 6.1 4.5 6.4 7.0 769.0
21.7 6.6 6.8 4.4 4.4 955.0
26.2 6.9 4.3 7.0 6.3 794.0
18.6 4.8 6.5 4.1 6.6 1106.0
26.3 4.3 4.0 6.2 4.3 792.0
18.3 4.3 6.2 6.9 6.5 1125.0
26.6 6.5 4.2 4.8 4.0 783.0
20.7 4.1 6.5 4.6 6.6 999.0
26.5 6.0 4.1 6.5 4.2 786.0
21.6 7.0 6.5 4.5 6.9 958.0
19.5 4.5 4.5 6.7 5.1 1059.0
26.6 6.4 6.3 6.6 4.3 783.0
18.6 4.4 6.8 5.1 6.7 1108.0
26.5 6.7 5.1 4.3 4.4 787.0
18.7 4.4 6.6 6.8 6.0 1102.0
27.1 6.8 5.1 4.5 7.0 768.0
19.7 5.0 4.6 4.4 4.4 1046.0
18.4 4.2 6.5 6.2 6.8 1120.0
27.0 6.9 4.5 4.1 5.0 771.0
19.8 6.6 6.5 6.0 6.8 1043.0
27.1 5.1 4.2 6.9 4.2 770.0
21.3 4.5 6.9 4.1 4.1 970.0
26.9 6.8 4.6 4.4 6.2 774.0
27.7 6.5 4.4 5.9 6.5 754.0
21.2 4.1 6.7 6.7 4.1 977.0
19.2 5.0 6.9 7.0 6.6 1073.0
19.2 6.9 5.0 4.1 4.5 1076.0
27.4 4.8 4.4 6.5 6.7 762.0
18.6 4.6 6.2 6.4 4.4 1108.0
26.8 6.8 6.7 4.6 6.3 777.0
20.3 4.1 4.3 4.6 6.6 1017.0
26.5 7.0 6.6 6.7 4.9 787.0
21.2 4.2 4.4 6.9 4.2 975.0
26.1 6.9 7.0 4.9 6.6 797.0
19.4 5.2 6.8 4.2 4.5 1064.0
27.2 4.4 5.0 6.8 6.7 765.0
21.5 6.8 4.4 4.0 6.9 962.0
18.4 4.4 4.1 4.2 4.9 1120.0
27.5 6.5 4.4 6.3 4.4 759.0
18.5 4.7 6.5 6.7 4.3 1113.0
18.0 6.5 6.5 6.8 6.0 1140.0
27.5 4.1 4.2 4.9 6.8 759.0
26.8 6.6 6.4 5.1 4.6 778.0
19.5 4.6 4.9 4.2 6.8 1059.0
26.6 6.7 6.6 4.5 5.2 783.0
21.0 4.3 4.4 7.0 6.6 984.0
18.2 4.1 6.5 6.7 4.6 1132.0
27.7 7.0 4.8 6.5 4.3 754.0
19.6 6.5 6.5 5.2 6.7 1051.0
27.1 5.1 4.1 4.2 6.7 768.0
21.7 6.6 4.2 7.0 4.5 956.0
27.7 5.1 6.4 4.1 4.2 754.0
21.4 4.0 6.5 6.5 6.9 968.0
18.2 6.7 4.8 4.3 6.9 1132.0
26.2 4.0 4.1 4.1 4.6 795.0
18.9 4.4 4.3 6.2 4.0 1089.0
19.9 6.7 6.7 4.1 5.0 1038.0
27.7 5.0 6.7 6.7 6.9 753.0
26.3 7.0 5.1 7.0 7.0 792.0
26.2 4.2 6.8 4.4 5.2 794.0
21.9 6.6 6.5 6.8 4.0 946.0
18.7 4.3 4.8 6.5 4.6 1103.0
18.9 6.4 4.5 4.8 4.2 1092.0
26.8 5.1 7.0 4.1 6.6 777.0
19.2 6.6 4.7 6.6 6.6 1072.0
19.0 5.1 4.1 4.0 6.7 1086.0
27.5 4.4 4.2 6.9 4.9 757.0
26.7 4.5 6.6 4.9 6.7 781.0
21.7 6.7 7.0 6.8 6.7 955.0
18.2 4.0 6.9 4.5 4.9 1130.0
26.2 4.0 4.7 6.5 4.4 794.0
18.2 6.7 6.9 5.1 4.4 1128.0
24.6 6.1 4.0 4.3 4.0 844.0
19.2 6.8 4.3 4.6 6.2 1072.0
26.8 4.7 6.6 6.7 4.4 778.0
25.5 6.9 5.2 4.4 6.8 816.0
18.9 4.7 4.2 6.7 4.4 1091.0
24.2 7.0 4.5 4.2 6.2 859.0
24.2 4.3 6.3 6.4 6.5 859.0
25.0 6.9 6.7 5.1 4.5 833.0
26.5 4.2 4.6 6.0 6.6 785.0
19.8 6.1 4.3 5.0 4.0 1044.0
24.7 6.6 5.8 6.9 6.9 842.0
24.2 4.9 6.9 4.6 4.3 858.0
19.8 4.3 4.3 6.3 5.8 1044.0
27.5 6.2 6.2 4.1 6.5 757.0
18.1 4.0 4.4 6.1 4.9 1137.0
25.5 6.1 6.4 6.7 4.5 816.0
26.9 6.8 5.0 4.3 6.4 775.0
18.8 4.1 6.4 6.2 6.5 1098.0
25.9 6.2 4.3 6.5 4.2 803.0
18.7 4.0 6.2 4.8 6.9 1102.0
25.7 6.3 6.8 4.3 4.2 810.0
25.5 6.9 4.3 6.9 6.3 817.0
18.9 4.5 6.3 4.7 4.2 1088.0
26.5 5.8 4.5 4.0 5.9 787.0
19.3 6.8 5.8 5.9 7.0 1068.0
24.1 5.0 6.8 6.9 4.2 861.0
25.7 4.3 4.2 4.0 6.0 810.0
19.2 6.2 6.0 6.7 4.4 1074.0
26.3 4.0 4.3 4.8 6.4 792.0
18.7 6.2 6.3 4.3 6.5 1102.0
24.6 6.6 6.7 6.1 4.3 844.0
24.5 4.5 4.5 6.9 5.8 848.0
19.2 6.3 6.1 4.3 4.4 1074.0
26.5 4.4 4.4 6.2 6.4 785.0
18.0 6.4 6.4 6.9 6.4 1140.0
24.7 6.6 6.6 4.9 6.5 843.0
24.3 4.0 4.3 4.2 4.9 855.0
18.5 6.4 6.5 6.8 4.9 1110.0
27.2 4.3 4.7 4.8 4.5 767.0
19.4 6.0 4.0 4.1 6.1 1065.0
25.4 6.6 6.3 6.5 4.4 819.0
27.2 4.6 6.4 4.8 6.3 767.0
18.6 6.0 4.3 6.2 6.9 1110.0
24.3 4.4 6.2 4.5 4.3 855.0
18.7 6.3 6.7 5.9 6.9 1103.0
25.8 6.7 4.7 6.5 4.2 807.0
26.4 4.6 5.0 4.4 6.2 789.0
18.2 6.2 4.4 6.3 4.6 1129.0
24.5 4.2 7.0 4.1 5.9 848.0
26.5 6.1 4.5 6.3 6.5 785.0
20.6 6.9 6.3 6.4 4.2 1005.0
19.5 4.6 6.3 4.1 6.4 1058.0
26.0 6.3 4.2 6.9 6.6 802.0
18.2 4.1 6.9 4.7 4.7 1134.0
24.4 5.9 4.2 4.1 6.7 853.0
27.4 7.0 6.1 6.9 5.0 760.0
18.6 4.5 6.9 6.2 4.7 1109.0
25.0 6.7 4.3 4.8 4.3 832.0
18.6 5.0 6.0 4.4 6.4 1106.0
25.5 4.1 4.6 5.9 4.5 816.0
27.0 5.9 6.4 6.5 7.0 772.0
18.1 6.3 6.8 4.3 4.9 1135.0
25.2 4.2 4.2 6.3 6.5 826.0
18.1 6.7 6.3 4.0 4.7 1138.0
24.8 4.1 6.5 6.3 4.4 837.0
27.4 6.0 5.1 6.9 6.9 762.0
18.9 5.8 4.4 4.5 4.6 1092.0
25.8 4.3 5.8 7.0 4.4 807.0
18.4 6.4 4.3 4.6 5.9 1118.0
25.8 4.2 6.3 4.1 6.6 806.0
27.7 6.1 6.5 6.1 4.0 754.0
19.7 5.8 4.5 6.9 6.3 1046.0
25.8 4.5 6.6 4.7 4.5 806.0
19.8 6.7 4.6 4.5 6.3 1040.0
25.4 4.4 6.9 6.4 6.7 818.0
26.1 6.3 5.0 6.5 4.5 797.0
20.3 6.8 4.5 4.4 6.1 1016.0
18.1 4.5 6.3 6.1 4.2 1137.0
26.4 6.3 4.2 6.7 6.1 789.0
19.0 7.0 6.2 4.7 6.9 1086.0
25.0 4.8 6.5 4.2 6.9 833.0
25.2 4.5 4.2 7.0 5.0 826.0
18.9 6.6 6.6 5.1 5.2 1093.0
27.0 5.2 4.9 4.0 4.5 773.0
18.0 4.5 6.5 6.0 6.1 1142.0
25.4 6.8 4.7 6.5 6.6 821.0
27.9 4.8 4.1 4.1 5.0 748.0
18.6 6.1 6.8 5.9 4.1 1105.0
25.7 4.0 4.7 4.1 6.6 811.0
27.5 6.0 4.0 6.2 4.3 759.0
21.5 6.5 6.2 6.8 6.8 964.0
18.6 4.0 6.1 4.5 5.1 1108.0
24.6 5.9 6.7 6.8 6.4 845.0
18.0 4.6 4.2 4.6 4.9 1141.0
25.5 6.0 6.7 4.6 6.5 815.0
27.2 6.9 4.2 6.0 5.1 768.0
19.8 4.2 5.2 6.7 4.9 1042.0
24.9 6.8 6.4 4.4 4.3 835.0
18.8 4.8 4.1 6.1 6.9 1098.0
25.2 6.8 6.2 4.4 6.6 825.0
26.1 5.0 6.6 6.9 5.0 798.0
19.9 6.9 4.5 4.8 5.0 1038.0
27.0 5.1 6.0 6.5 4.4 772.0
21.9 4.1 4.2 4.6 6.5 946.0
18.2 4.2 6.1 6.8 4.8 1132.0
27.3 6.1 6.7 5.1 4.4 763.0
21.6 4.3 4.1 4.1 6.1 960.0
26.3 6.4 7.0 6.1 6.9 792.0
20.3 6.8 5.2 4.2 4.3 1016.0
18.1 6.6 4.2 5.9 5.8 1138.0
24.1 5.0 6.8 6.9 6.5 863.0
27.8 4.5 4.8 4.3 5.0 752.0
19.6 6.5 6.3 6.2 4.5 1055.0
24.1 5.1 4.3 4.0 6.5 863.0
27.7 4.6 6.4 5.9 4.3 754.0
20.0 5.9 6.9 6.9 6.6 1030.0
18.3 6.6 5.0 4.4 4.8 1124.0
25.2 5.0 4.6 6.9 4.0 826.0
18.2 4.3 6.5 4.7 6.0 1131.0
25.3 6.8 6.5 4.5 6.3 823.0
27.5 4.3 4.6 6.2 4.1 760.0
18.9 6.4 6.8 6.6 6.4 1092.0
26.7 6.2 4.8 4.5 6.9 781.0
20.0 4.1 4.6 5.9 4.1 1030.0
19.7 6.3 6.9 4.3 6.1 1047.0
26.0 6.7 4.1 6.3 4.5 802.0
27.6 4.1 4.9 6.7 6.1 755.0
18.2 5.9 6.9 4.7 6.7 1132.0
25.6 4.2 5.1 4.6 4.2 813.0
19.8 6.6 6.5 6.1 6.0 1043.0
25.3 4.1 5.0 6.6 4.4 822.0
26.8 6.3 6.8 4.0 6.4 778.0
18.2 5.9 4.7 6.6 6.7 1128.0
25.5 4.1 4.3 5.1 4.1 815.0
26.6 6.0 6.4 6.9 6.0 782.0
19.8 6.6 5.1 4.8 4.3 1045.0
20.7 4.5 4.1 6.9 6.2 1000.0
26.4 6.2 7.0 4.7 6.8 789.0
20.9 4.3 4.9 4.2 4.4 990.0
18.2 5.9 4.5 4.9 6.5 1129.0
24.2 6.4 7.0 6.6 4.8 857.0
26.9 4.3 4.9 4.6 6.4 776.0
18.1 6.4 6.1 6.8 4.9 1137.0
24.6 4.8 4.1 4.5 4.2 846.0
19.7 4.3 5.8 6.8 6.0 1047.0
24.1 6.7 4.1 4.9 6.6 862.0
26.8 4.5 5.9 4.4 4.6 777.0
21.9 6.0 6.9 6.4 4.5 944.0
27.7 6.1 4.1 4.8 6.7 754.0
20.6 4.5 6.0 4.6 4.4 1003.0
27.2 6.5 6.7 6.0 5.8 766.0
20.4 4.6 4.6 6.6 4.1 1015.0
19.5 7.0 6.3 4.6 6.0 1059.0
19.3 4.9 7.0 5.9 6.9 1068.0
24.0 7.0 5.0 4.4 4.4 865.0
27.7 5.1 4.0 6.0 6.9 753.0
19.6 5.0 6.8 6.6 5.0 1052.0
24.8 4.5 4.1 4.7 6.4 837.0
26.7 6.9 6.2 4.5 4.7 779.0
21.8 4.0 6.8 6.1 4.5 949.0
18.6 5.9 5.0 4.1 6.6 1110.0
19.2 6.7 4.1 6.3 5.1 1072.0
24.9 4.6 4.2 6.6 6.8 834.0
26.3 4.5 6.1 6.7 4.8 792.0
18.4 6.2 7.0 4.9 4.4 1119.0
25.3 6.4 6.9 6.7 6.2 822.0
19.3 4.0 4.9 5.0 4.4 1071.0
25.9 4.4 6.6 6.7 6.0 805.0
27.4 6.1 4.8 4.4 4.1 761.0
26.8 6.6 4.3 5.1 5.9 779.0
21.0 4.1 6.5 4.3 5.9 985.0
19.2 6.0 4.8 6.9 4.6 1073.0
26.1 6.5 4.9 6.7 6.3 799.0
18.9 5.0 4.0 5.0 6.8 1090.0
25.5 4.1 6.7 5.0 6.9 816.0
26.3 5.9 4.6 4.4 5.0 793.0
20.1 4.2 5.9 6.6 4.2 1029.0
21.8 6.3 6.7 4.5 7.0 951.0
18.9 6.4 5.0 6.3 4.1 1090.0
25.7 4.6 4.9 6.9 6.5 810.0
26.7 6.3 4.2 4.9 4.4 782.0
20.0 6.5 6.1 6.9 6.1 1034.0
27.9 4.9 6.6 5.0 4.4 748.0
21.8 6.6 6.6 4.3 5.9 949.0
19.2 4.8 5.2 4.1 6.6 1076.0
24.6 6.8 4.5 6.2 6.8 846.0
27.5 5.1 4.4 6.9 4.9 759.0
26.2 4.1 6.3 4.9 4.4 794.0
20.1 4.3 6.6 4.4 4.9 1026.0
21.4 5.9 4.5 6.7 6.8 966.0
19.9 6.8 5.9 4.9 4.0 1039.0
26.5 4.1 6.4 6.8 5.8 787.0
20.6 5.9 4.5 4.5 4.2 1002.0
26.1 4.6 6.7 6.2 6.0 798.0
20.7 5.8 4.3 4.2 6.9 999.0
27.1 6.8 6.4 6.0 4.1 770.0
21.1 4.2 6.4 6.4 6.1 979.0
18.4 6.0 4.9 4.6 4.3 1121.0
27.6 6.8 4.2 6.2 6.2 755.0
18.5 4.7 5.9 6.6 6.8 1116.0
26.2 4.3 6.5 5.1 5.0 796.0
21.4 6.4 4.4 4.7 4.4 968.0
19.8 5.1 6.6 4.3 6.0 1044.0
27.3 6.5 5.0 6.0 6.9 764.0
21.2 5.0 6.6 6.8 4.0 976.0
19.4 4.3 4.6 4.0 6.1 1062.0
25.8 6.7 6.7 5.9 7.0 806.0
26.5 4.1 4.7 6.6 5.1 787.0
20.3 5.9 4.1 6.6 4.5 1020.0
19.3 4.1 4.1 4.7 6.1 1071.0
28.0 5.9 6.3 4.3 4.6 746.0
20.2 6.6 6.6 6.5 6.1 1025.0
26.1 5.1 4.1 4.7 7.0 798.0
20.1 6.8 6.2 4.1 4.5 1027.0
18.8 5.1 4.4 4.1 6.1 1094.0
26.3 4.2 6.0 6.1 6.8 791.0
21.1 6.4 6.5 6.8 4.9 979.0
26.2 5.1 4.5 4.7 4.0 796.0
21.2 4.3 6.1 4.5 6.4 978.0
19.0 6.2 4.2 6.6 5.1 1082.0
27.0 6.7 5.9 4.6 4.4 773.0
20.1 6.5 4.1 6.7 5.9 1028.0
26.3 4.8 5.9 4.5 6.9 791.0
21.2 4.6 6.9 6.0 6.7 976.0
18.6 4.2 4.9 4.1 4.9 1107.0
27.7 5.8 7.0 6.9 5.2 754.0
21.2 6.5 4.2 6.3 4.1 976.0
26.2 4.1 6.0 4.7 6.9 796.0
20.9 5.8 6.6 4.1 4.4 991.0
19.6 4.1 5.0 6.3 6.9 1054.0
24.9 6.5 4.1 6.6 5.2 837.0
26.2 4.9 5.8 4.1 4.2 794.0
21.1 6.5 4.4 6.2 6.4 982.0
20.0 4.8 6.7 4.5 4.9 1034.0
27.8 5.2 6.8 6.1 6.4 751.0
19.6 6.6 5.0 6.7 4.7 1054.0
24.4 4.0 6.9 4.5 5.2 852.0
18.3 6.6 4.7 6.3 6.6 1127.0
25.8 6.4 4.2 4.3 4.8 808.0
26.1 4.7 4.5 6.3 4.4 799.0
27.3 5.0 6.2 6.6 6.7 765.0
21.7 4.6 6.7 4.9 4.5 955.0
19.3 6.7 5.0 6.8 6.1 1070.0
27.3 4.7 6.9 5.1 6.9 764.0
21.3 4.2 4.9 4.0 6.5 971.0
26.7 6.2 4.3 6.6 4.9 780.0
20.9 6.7 6.6 4.1 4.8 988.0
19.5 4.4 4.9 5.9 4.2 1059.0
26.3 5.8 6.1 6.9 4.5 792.0
18.7 6.7 6.9 5.0 6.1 1104.0
28.0 5.0 5.2 4.1 6.8 745.0
20.4 4.6 4.1 6.0 6.9 1015.0
21.1 6.5 4.4 4.0 4.8 981.0
27.7 4.7 6.8 6.4 4.5 753.0
21.6 4.1 5.2 6.9 6.8 960.0
27.9 5.8 6.5 4.2 5.0 747.0
20.4 6.6 4.8 6.8 4.1 1012.0
19.4 5.0 4.1 6.8 6.1 1062.0
26.1 6.6 5.9 5.0 7.0 799.0
20.6 4.8 6.9 4.1 4.6 1006.0
26.7 6.6 6.5 4.8 6.4 781.0
21.6 4.2 4.7 6.4 4.2 957.0
27.7 4.9 4.4 4.2 6.3 754.0
21.2 6.5 7.0 6.3 6.5 976.0
18.1 5.2 5.0 4.3 4.1 1137.0
21.5 6.6 7.0 6.0 4.1 965.0
27.2 4.6 4.2 6.8 6.2 767.0
19.9 4.3 4.7 6.6 6.3 1039.0
21.9 4.3 6.7 4.9 6.8 947.0
26.8 6.8 5.0 5.0 4.4 777.0
27.8 5.0 6.9 4.5 6.1 751.0
21.2 6.6 4.9 6.9 6.5 974.0
18.6 4.7 4.1 4.5 4.6 1108.0
25.3 4.6 6.6 6.8 5.0 823.0
18.0 6.4 4.8 5.1 6.9 1141.0
24.2 6.8 6.4 4.1 4.9 857.0
19.0 4.7 4.5 5.9 4.3 1085.0
26.3 5.2 4.7 6.4 6.7 793.0
26.7 4.4 4.3 5.2 5.0 780.0
20.3 6.4 5.9 4.3 6.8 1017.0
18.2 6.6 6.6 6.3 4.8 1129.0
27.0 5.0 4.9 6.8 4.2 771.0
20.5 5.1 4.2 4.6 6.5 1008.0
27.1 6.6 6.3 5.9 6.8 770.0
20.3 4.2 6.5 6.9 5.1 1019.0
26.2 6.8 4.4 4.9 5.0 795.0
20.5 5.1 4.4 4.0 4.5 1010.0
21.8 4.0 6.1 6.6 6.9 950.0
26.5 6.8 6.6 4.8 4.7 785.0
20.7 5.1 4.1 6.9 6.7 998.0
18.2 4.6 5.9 4.2 4.1 1132.0
26.6 6.8 6.8 6.0 4.7 783.0
18.5 4.5 4.8 5.0 6.6 1114.0
21.9 6.7 4.1 6.6 4.6 947.0
18.7 4.7 6.5 4.7 4.1 1103.0
27.8 4.2 5.9 4.2 6.1 750.0
27.3 6.7 5.1 6.0 4.6 765.0
18.6 4.7 6.8 6.6 6.2 1108.0
26.2 6.6 4.9 5.1 6.8 794.0
22.0 5.1 6.9 4.4 7.0 943.0
26.8 6.6 5.1 6.6 5.1 779.0
20.5 4.7 6.7 7.0 6.4 1011.0
27.4 7.0 5.1 4.1 4.9 762.0
22.0 4.1 4.5 5.1 4.2 943.0
18.7 4.7 4.6 4.8 4.4 1102.0
27.2 5.2 7.0 6.6 6.2 765.0
20.5 6.6 4.4 5.1 6.9 1007.0
19.0 4.7 6.2 6.6 4.2 1084.0
20.0 6.9 6.4 4.7 6.5 1031.0
19.1 4.7 4.9 6.6 4.3 1078.0
19.2 4.8 6.6 5.0 6.5 1072.0
26.0 4.7 6.9 4.2 4.7 799.0
21.6 6.9 4.9 4.2 6.5 960.0
26.2 4.0 4.0 6.2 4.8 796.0
21.7 4.1 4.2 6.7 4.7 956.0
26.4 6.6 6.2 4.5 6.0 790.0
20.6 4.5 4.2 4.3 5.1 1003.0
18.3 4.9 6.6 6.4 4.4 1124.0
27.6 6.6 6.0 6.9 5.8 756.0
20.0 4.9 5.2 7.0 6.5 1035.0
20.9 6.6 6.5 4.8 4.2 991.0
18.6 5.1 4.2 6.7 4.8 1107.0
24.7 6.7 4.8 4.9 6.9 841.0
24.5 4.4 4.6 5.0 4.2 849.0
24.7 5.8 6.8 4.1 6.2 841.0
25.4 5.8 4.1 6.0 6.8 819.0
25.5 4.6 6.2 4.1 4.8 817.0
24.5 6.3 4.4 5.8 4.3 848.0
24.4 6.8 6.1 6.7 5.8 853.0
27.5 4.6 6.3 4.8 6.4 757.0
18.3 4.0 5.0 5.0 4.8 1126.0
25.0 6.3 5.9 6.7 6.4 832.0
24.1 6.2 4.3 4.1 5.2 861.0
18.4 4.5 6.0 6.0 4.9 1122.0
25.5 6.3 6.7 4.6 4.4 816.0
25.4 6.2 4.1 6.6 6.1 820.0
18.9 4.0 6.1 5.0 6.0 1089.0
25.1 6.3 4.3 5.2 4.1 830.0
27.0 6.4 6.2 7.0 6.1 772.0
21.3 4.1 6.1 4.7 6.4 971.0
18.5 5.9 4.1 4.9 4.9 1112.0
24.1 6.7 6.4 6.1 4.3 862.0
25.8 4.2 5.9 4.6 5.9 807.0
18.5 6.1 4.6 6.4 5.8 1115.0
25.8 5.0 6.0 6.6 4.1 806.0
25.3 6.9 5.8 4.0 5.8 823.0
18.2 4.9 4.4 6.3 6.2 1130.0
25.9 4.3 6.0 5.1 4.6 805.0
24.1 5.9 6.5 6.9 6.0 864.0
18.3 5.9 4.9 4.7 6.4 1125.0
24.6 4.1 4.1 4.7 4.9 846.0
27.0 6.2 6.0 6.0 4.1 771.0
19.9 5.9 6.3 4.4 6.1 1039.0
26.0 4.0 4.5 6.3 5.9 802.0
20.7 5.8 6.1 6.8 4.4 998.0
25.4 6.6 6.8 5.0 6.0 820.0
18.4 5.0 4.7 4.5 6.3 1117.0
25.1 4.3 5.1 6.0 4.4 828.0
27.0 6.3 6.8 6.1 6.4 773.0
21.6 6.3 4.7 4.4 6.5 958.0
18.7 4.1 4.7 5.9 4.8 1100.0
25.4 5.8 6.5 6.2 4.6 820.0
25.7 6.1 4.5 4.5 6.4 810.0
18.8 4.1 6.0 6.4 6.1 1098.0
25.1 6.1 4.7 6.5 4.0 827.0
27.2 6.4 5.9 4.1 5.9 767.0
20.9 4.4 4.2 6.1 5.9 989.0
18.6 6.1 6.2 4.9 4.1 1109.0
24.7 6.7 6.8 6.4 5.9 843.0
25.6 4.8 4.9 4.4 6.9 812.0
19.8 5.1 4.0 6.1 4.8 1045.0
24.8 6.9 6.3 6.0 6.6 840.0
25.4 4.5 5.8 6.6 5.2 818.0
18.2 6.3 6.4 5.1 5.1 1129.0
24.3 5.1 5.0 4.5 4.5 855.0
24.3 6.9 4.0 6.4 5.8 856.0
19.8 5.1 6.3 4.2 6.0 1042.0
24.3 4.0 5.1 5.8 6.5 855.0
24.6 6.1 6.6 6.4 4.9 844.0
19.4 6.2 4.6 4.8 4.5 1063.0
24.1 4.2 4.5 4.8 6.3 863.0
26.4 6.2 6.2 5.9 6.9 789.0
18.0 6.0 5.9 4.2 4.8 1140.0
24.6 4.3 4.3 6.0 5.2 845.0
21.5 6.2 5.8 6.6 6.6 963.0
24.8 6.0 6.6 4.0 5.2 837.0
19.4 6.5 4.8 6.3 5.0 1066.0
25.7 4.8 4.3 4.9 4.3 811.0
24.2 4.4 6.2 6.6 5.9 858.0
20.0 5.8 6.1 4.7 6.6 1033.0
24.3 4.4 5.2 4.1 5.1 856.0
24.6 6.2 6.6 6.2 6.8 844.0
19.9 6.1 4.3 6.4 4.9 1038.0
24.0 6.9 6.1 4.3 5.1 864.0
27.3 4.8 5.0 6.1 4.0 763.0
19.6 4.9 6.2 6.6 5.8 1053.0
24.7 4.1 6.6 4.7 5.8 841.0
19.7 6.0 5.1 6.1 4.2 1050.0
25.4 6.8 4.4 4.9 6.2 819.0
25.0 4.7 5.9 4.2 6.5 832.0
18.9 5.0 6.9 6.4 4.9 1091.0
24.6 5.9 4.7 6.5 6.7 845.0
25.1 6.4 4.4 4.8 5.0 829.0
19.2 5.1 6.1 4.0 4.8 1074.0
24.1 4.3 6.2 6.0 4.1 864.0
24.5 6.9 5.0 6.6 6.3 850.0
19.7 5.0 4.5 4.8 5.9 1048.0
24.5 4.4 6.4 5.1 6.8 848.0
26.2 6.1 5.9 6.9 5.1 796.0
22.0 6.1 4.0 4.9 4.3 944.0
19.7 6.1 6.1 6.6 5.9 1047.0
25.0 5.1 6.5 5.1 4.2 833.0
25.1 4.4 4.8 4.2 6.4 828.0
19.1 5.9 7.0 6.3 6.0 1082.0
24.4 4.1 4.8 4.8 6.8 853.0
25.8 5.8 4.5 6.9 5.1 808.0
27.7 6.3 6.3 4.9 4.4 754.0
20.4 6.8 4.5 4.7 6.3 1013.0
19.2 4.6 6.1 6.0 4.1 1075.0
21.8 4.5 6.4 4.5 5.9 948.0
26.7 5.9 4.1 6.0 6.1 780.0
20.6 6.6 6.2 6.3 4.1 1004.0
24.7 5.1 7.0 4.1 6.2 842.0
18.8 4.1 5.0 6.3 5.8 1099.0
25.0 6.2 5.1 4.5 4.6 831.0
27.8 6.6 5.9 5.8 5.8 750.0
20.1 4.6 4.3 6.1 6.8 1025.0
19.0 4.9 5.9 6.6 4.9 1088.0
24.1 6.4 6.1 4.0 4.4 863.0
25.3 4.2 7.0 6.3 5.9 823.0
18.1 6.4 5.0 4.6 5.9 1137.0
25.6 6.6 5.0 6.0 4.5 815.0
24.5 4.7 4.5 6.6 6.1 848.0
19.3 6.9 5.8 5.1 6.1 1068.0
25.0 4.6 6.7 5.1 6.8 831.0
25.9 4.6 4.7 6.9 4.6 805.0
27.6 6.0 4.0 4.7 5.1 757.0
20.8 4.2 5.9 4.7 4.2 994.0
20.6 6.3 6.6 6.5 6.2 1006.0
26.4 6.0 4.9 4.6 6.9 790.0
22.0 4.1 4.0 4.6 4.7 943.0
19.7 6.1 5.8 5.8 4.6 1049.0
25.0 6.4 5.8 4.5 6.8 832.0
19.2 5.1 6.9 6.0 6.3 1071.0
25.1 6.4 5.0 4.2 4.8 830.0
25.2 4.7 4.3 6.2 4.1 824.0
18.1 7.0 6.0 6.3 5.9 1136.0
25.8 5.0 4.2 4.1 6.1 807.0
18.7 4.9 6.0 6.3 6.8 1103.0
24.5 6.9 6.0 6.5 5.0 849.0
24.8 4.8 4.3 4.1 4.9 840.0
24.8 4.6 6.1 6.3 6.4 839.0
19.5 6.1 6.2 6.8 4.9 1061.0
24.5 4.3 6.5 4.9 5.0 847.0
26.1 5.8 5.0 4.9 4.6 797.0
19.2 6.4 4.7 6.4 6.4 1073.0
25.9 4.6 4.5 4.7 6.5 803.0
18.1 6.7 6.1 5.2 4.9 1136.0
24.7 4.6 4.2 5.9 6.5 841.0
20.3 4.1 6.3 4.1 5.1 1017.0
18.8 6.0 6.3 6.2 7.0 1096.0
24.5 4.2 6.8 6.2 5.0 849.0
25.9 6.0 4.7 4.3 6.7 803.0
24.4 6.4 4.0 5.9 4.9 852.0
27.9 5.2 6.1 4.3 5.2 749.0
18.9 5.8 6.5 6.2 5.1 1090.0
24.6 6.9 5.0 6.1 6.7 844.0
19.3 5.1 4.9 6.7 4.8 1070.0
24.0 4.9 6.7 4.4 5.0 864.0
24.8 6.6 5.0 6.7 4.9 837.0
18.3 4.7 5.2 4.8 4.4 1126.0
25.5 4.8 6.7 6.4 6.1 817.0
25.3 6.4 4.7 4.7 4.1 823.0
19.7 5.1 6.9 4.7 6.3 1046.0
24.5 4.4 4.7 6.4 5.9 847.0
25.9 6.1 4.5 5.1 6.5 802.0
19.9 4.5 5.9 5.2 4.7 1037.0
24.5 5.8 6.7 4.7 7.0 847.0
18.8 5.9 4.6 6.4 4.8 1098.0
24.7 6.5 6.9 4.8 5.0 842.0
25.4 4.7 4.9 6.5 4.5 818.0
19.5 4.2 4.7 4.9 6.1 1056.0
24.7 6.5 4.6 4.3 5.9 841.0
25.6 5.1 6.7 6.0 4.1 814.0
19.8 4.9 4.8 6.4 6.4 1042.0
24.2 6.8 5.9 5.0 4.5 857.0
26.7 4.9 6.8 4.8 6.0 781.0
19.9 6.5 5.1 5.0 6.2 1038.0
25.4 4.9 4.7 6.6 6.9 820.0
27.4 4.6 4.8 4.8 4.4 761.0
20.1 4.1 4.2 4.9 6.3 1026.0
20.4 6.1 6.6 5.9 4.1 1014.0
26.9 6.0 5.1 4.2 6.3 774.0
21.7 4.0 6.7 6.0 6.0 952.0
21.1 6.3 4.7 4.6 4.3 982.0
19.3 6.8 5.2 6.3 6.1 1066.0
25.4 4.9 6.7 5.8 6.8 821.0
24.9 5.0 4.3 6.6 4.7 836.0
24.9 6.8 6.2 4.8 6.5 836.0
18.2 4.8 4.6 4.5 4.7 1132.0
25.3 6.8 6.5 6.1 5.2 824.0
19.5 4.7 5.0 5.9 4.5 1060.0
27.1 4.8 5.2 4.6 6.4 770.0
20.8 6.8 4.4 6.4 5.9 992.0
25.3 5.2 6.2 4.2 4.2 824.0
27.0 4.5 5.9 6.1 6.0 773.0
20.8 5.8 4.2 6.3 6.9 993.0
20.6 4.5 6.1 6.7 4.7 1006.0
26.8 6.1 6.4 5.1 6.8 779.0
21.8 6.1 4.5 4.4 4.9 951.0
19.4 7.0 6.0 6.2 4.9 1064.0
25.8 5.0 6.1 6.8 6.6 806.0
19.5 5.0 4.0 4.9 4.7 1056.0
25.7 5.2 6.8 6.9 5.1 809.0
26.7 4.2 4.8 4.7 5.0 779.0
21.0 6.0 4.3 4.9 6.4 987.0
26.7 5.8 6.1 4.6 4.7 781.0
20.3 7.0 6.3 6.1 6.5 1018.0
20.3 4.4 4.3 6.1 4.9 1018.0
21.8 6.0 5.9 4.6 4.3 951.0
26.2 4.7 6.4 5.9 4.5 795.0
20.8 6.8 6.2 6.5 6.2 996.0
18.1 6.1 4.1 5.1 5.8 1138.0
27.5 5.0 6.1 4.5 6.4 758.0
20.2 4.3 6.2 6.1 4.5 1022.0
20.7 6.3 4.5 4.1 6.2 1000.0
26.4 4.8 6.1 5.9 6.9 788.0
20.6 4.5 6.9 6.4 4.9 1004.0
18.8 6.1 4.8 6.3 6.4 1095.0
27.3 6.2 4.6 6.0 4.7 763.0
21.1 6.6 6.3 4.0 5.0 982.0
27.4 4.1 6.2 5.9 5.0 761.0
20.0 5.8 4.5 6.9 6.4 1032.0
20.3 6.8 5.8 4.9 4.2 1018.0
26.6 5.2 5.9 6.5 5.9 782.0
20.7 4.6 4.2 4.8 6.8 1000.0
27.7 4.2 6.1 4.6 5.2 753.0
20.6 6.1 6.2 4.4 6.8 1002.0
21.3 6.0 4.0 6.7 4.6 972.0
27.5 6.4 6.4 4.6 5.0 758.0
20.5 5.1 7.0 4.7 4.4 1007.0
21.6 4.2 5.0 4.5 6.0 958.0
20.5 5.9 4.3 6.2 4.4 1007.0
26.7 5.1 6.8 6.2 6.3 780.0
21.3 4.6 4.9 6.8 6.1 972.0
19.8 6.0 6.7 5.1 6.4 1044.0
27.6 6.0 5.2 6.1 4.2 757.0
20.4 6.8 4.8 4.2 6.1 1012.0
21.0 4.6 5.9 6.0 6.4 987.0
26.4 5.9 4.9 4.5 5.1 789.0
20.3 4.6 4.0 5.9 4.6 1020.0
21.3 4.3 5.8 6.6 6.0 970.0
27.7 6.3 6.8 4.7 6.1 754.0
20.8 6.0 5.2 6.8 4.0 995.0
27.4 4.6 6.0 5.0 5.8 762.0
21.6 6.3 6.4 5.1 6.8 960.0
27.9 5.8 5.0 6.9 5.1 748.0
20.7 4.4 4.7 5.1 4.1 999.0
20.2 5.9 6.8 4.1 6.3 1022.0
27.4 6.3 5.1 6.1 6.7 761.0
20.2 4.3 6.8 4.8 4.6 1022.0
21.1 6.4 4.9 6.4 6.6 982.0
18.7 6.9 5.1 5.1 4.7 1104.0
26.4 4.8 4.2 4.8 5.0 790.0
20.4 6.1 6.5 6.1 6.9 1011.0
20.4 4.1 4.9 4.2 5.1 1013.0
26.4 6.1 6.7 6.1 5.1 789.0
20.5 4.5 5.1 5.8 4.4 1006.0
26.7 6.2 4.8 6.4 5.8 780.0
20.2 6.3 6.8 4.9 4.4 1023.0
20.5 6.8 5.0 6.9 6.1 1007.0
27.6 4.1 5.0 5.0 6.2 755.0
20.5 4.3 6.7 5.0 5.9 1010.0
18.2 5.8 4.7 4.1 4.9 1128.0
20.3 6.8 5.0 5.9 4.6 1019.0
27.1 5.1 4.3 6.0 6.0 768.0
21.9 6.6 5.8 4.2 6.0 945.0
21.8 5.2 6.1 4.4 4.3 949.0
28.0 4.0 4.9 6.4 6.2 746.0
21.6 4.8 6.6 5.8 6.6 957.0
21.4 6.1 6.4 4.5 4.7 967.0
27.0 6.6 5.1 6.3 5.9 771.0
19.3 4.7 4.7 5.9 6.5 1067.0
21.6 4.8 4.6 7.0 5.2 959.0
27.9 6.4 6.8 4.9 5.1 747.0
20.9 4.8 4.9 4.1 4.5 990.0
21.1 6.8 6.6 6.0 5.8 980.0
27.9 4.6 4.8 6.0 6.6 748.0
20.4 6.5 5.1 4.1 4.9 1014.0
20.7 4.8 6.4 6.1 4.0 1000.0
26.3 5.0 4.7 6.8 5.8 792.0
21.4 4.1 4.8 5.1 6.9 967.0
27.5 5.9 4.3 4.7 6.0 758.0
21.7 6.9 5.9 6.9 5.1 956.0
26.8 5.2 5.9 5.1 4.4 778.0
20.9 5.0 4.1 4.2 6.2 990.0
27.2 6.5 5.8 6.0 5.2 766.0
21.4 5.2 6.2 6.5 6.9 968.0
21.0 6.8 4.5 5.0 5.1 983.0
20.7 4.7 5.9 4.4 6.5 1000.0
27.2 4.7 6.5 6.2 5.0 767.0
21.6 4.5 5.0 6.0 6.4 957.0
21.9 6.9 4.1 6.0 4.6 945.0
26.2 4.7 6.2 6.9 5.1 796.0
21.1 6.5 6.3 4.7 6.6 979.0
26.2 4.7 6.9 4.8 5.1 794.0
20.1 4.1 4.9 6.8 5.1 1027.0
21.6 6.5 5.1 4.8 4.2 960.0
21.0 4.9 4.1 5.1 4.0 984.0
26.6 6.7 5.9 5.1 5.9 782.0
21.0 5.1 4.1 6.9 6.2 986.0
18.2 5.1 6.2 4.7 4.4 1130.0
20.8 5.0 6.6 4.5 6.1 994.0
26.8 6.8 5.0 5.2 5.8 776.0
20.4 5.2 6.2 6.4 4.5 1014.0
21.7 4.7 7.0 6.8 6.1 954.0
26.4 5.2 4.6 4.9 6.5 788.0
27.4 6.6 5.1 5.1 4.8 761.0
20.1 6.5 6.9 4.8 6.0 1026.0
20.3 5.0 4.7 4.5 6.5 1019.0
27.5 4.9 4.1 6.2 4.9 759.0
21.4 6.4 6.7 5.9 5.0 968.0
21.4 4.8 5.1 6.5 4.3 966.0
19.3 4.7 4.8 5.1 6.7 1067.0
26.3 4.8 5.0 4.4 5.2 792.0
21.0 6.7 4.9 6.3 7.0 985.0
20.3 4.7 6.6 7.0 5.0 1016.0
19.8 4.6 5.8 4.7 6.9 1045.0
27.4 4.5 4.6 6.0 4.7 761.0
21.0 6.5 6.7 4.7 4.9 984.0
26.1 4.9 4.9 6.7 5.2 798.0
20.4 6.5 5.0 4.7 6.6 1012.0
21.9 4.9 4.4 4.0 4.7 946.0
18.1 4.7 7.0 5.0 4.7 1140.0
27.3 6.5 5.1 6.0 4.7 763.0
21.2 5.2 4.7 6.9 6.9 977.0
21.0 4.6 6.6 5.2 6.6 985.0
21.6 6.8 5.0 6.7 5.0 960.0
20.5 4.9 6.5 4.5 5.1 1007.0
25.4 6.3 5.2 5.0 4.6 820.0
24.6 5.9 4.5 5.9 5.8 845.0
25.0 5.9 5.8 4.6 6.2 832.0
24.7 5.0 6.2 6.3 4.3 842.0
24.9 4.0 6.1 5.9 6.2 835.0
24.2 6.2 4.3 5.2 6.3 860.0
25.8 6.1 6.4 5.9 4.4 805.0
25.2 6.3 6.3 6.6 5.8 824.0
24.9 4.6 5.1 4.6 5.8 836.0
25.2 6.2 5.9 5.1 4.1 824.0
25.3 6.4 5.2 4.1 6.1 822.0
21.8 4.9 4.5 6.3 5.8 951.0
24.4 6.3 6.1 5.8 6.7 850.0
18.9 4.9 6.0 5.1 4.7 1090.0
24.6 4.0 5.8 6.2 4.8 846.0
24.1 6.2 4.0 4.7 4.9 863.0
20.3 5.9 5.9 4.2 6.3 1018.0
19.6 6.3 6.1 6.2 5.0 1053.0
24.6 4.4 5.0 5.9 6.3 844.0
26.0 6.3 4.6 6.2 4.9 802.0
25.0 6.2 6.0 4.9 6.4 833.0
21.0 5.0 6.1 4.1 4.9 984.0
19.5 6.3 5.9 6.1 6.3 1061.0
25.3 4.1 4.6 6.0 4.9 822.0
25.0 6.2 5.8 4.2 5.2 832.0
25.4 6.1 6.7 6.2 6.0 820.0
21.2 5.1 4.6 6.2 4.3 975.0
19.9 6.4 5.1 6.0 5.9 1036.0
25.9 4.2 6.1 5.1 5.9 803.0
25.7 6.2 4.7 6.1 4.3 810.0
25.5 6.0 5.0 6.7 5.8 815.0
21.1 5.1 4.5 5.0 5.9 982.0
18.9 6.2 6.1 5.0 4.9 1090.0
24.7 5.2 6.1 4.2 6.1 843.0
25.6 6.1 6.6 6.3 5.1 814.0
25.7 6.6 5.0 6.3 6.1 810.0
21.8 5.0 4.7 4.9 4.4 951.0
19.8 4.8 5.9 5.9 6.0 1041.0
25.0 5.1 4.4 5.0 6.0 832.0
25.1 5.9 6.3 6.8 4.7 829.0
25.7 6.7 6.0 5.1 6.2 811.0
20.3 5.1 5.0 5.1 6.8 1020.0
19.2 4.6 5.9 6.0 4.8 1077.0
25.2 4.2 4.8 4.6 5.1 827.0
24.1 6.2 5.0 6.4 6.7 861.0
21.5 6.1 6.2 4.0 5.1 965.0
25.5 5.0 4.3 6.4 4.8 816.0
25.6 6.8 6.1 6.1 4.9 812.0
18.6 5.1 5.9 4.8 6.0 1110.0
24.5 5.0 5.8 6.3 6.4 849.0
24.5 6.1 4.7 4.6 4.9 850.0
21.2 4.8 4.3 6.4 4.9 978.0
25.2 7.0 6.3 6.4 6.1 825.0
20.6 5.1 6.2 6.6 4.9 1003.0
24.8 4.8 6.0 4.8 4.3 837.0
19.4 6.0 4.7 4.7 6.0 1066.0
25.6 4.6 4.2 6.1 5.9 813.0
18.7 6.3 6.3 4.9 5.9 1100.0
24.5 4.5 6.3 5.0 4.9 849.0
25.5 5.9 4.9 6.6 4.9 818.0
24.9 6.1 7.0 5.1 5.9 836.0
21.9 4.6 5.1 5.8 6.7 947.0
25.4 5.9 6.5 4.8 4.6 821.0
18.8 4.7 5.1 4.9 4.8 1096.0
24.6 6.8 5.1 6.3 4.8 844.0
25.6 4.8 6.0 6.4 6.0 813.0
20.9 4.8 6.1 5.1 4.5 990.0
24.9 6.9 5.1 4.8 6.1 836.0
19.8 5.0 4.8 5.2 6.2 1044.0
24.9 5.1 6.0 4.4 4.9 835.0
20.5 6.4 4.0 5.9 6.0 1009.0
25.2 4.9 6.3 6.7 5.0 827.0
27.3 6.3 6.0 5.1 6.2 763.0
20.9 4.8 6.2 6.1 4.5 988.0
21.0 4.1 4.9 4.6 6.0 984.0
20.4 6.3 6.7 6.2 6.2 1011.0
26.0 5.9 4.8 4.6 6.8 801.0
18.2 6.0 4.9 6.4 5.0 1131.0
25.3 4.9 4.1 4.6 5.2 821.0
25.2 6.9 5.8 5.1 5.0 827.0
24.2 4.9 6.8 6.2 6.1 859.0
21.1 6.1 4.8 5.9 4.4 981.0
24.0 4.8 4.8 4.5 6.1 865.0
20.8 4.2 6.1 6.4 5.9 992.0
26.9 6.3 4.7 6.2 4.7 774.0
21.6 6.1 6.0 6.6 6.4 957.0
20.7 5.1 5.9 4.7 7.0 1000.0
18.3 6.4 5.0 5.0 4.7 1126.0
25.9 4.8 4.8 4.5 4.8 804.0
24.7 5.0 6.5 6.4 4.8 841.0
27.9 6.4 5.1 6.1 5.9 747.0
21.4 6.1 4.9 5.0 4.0 967.0
21.0 7.0 5.9 6.4 5.8 987.0
24.9 5.1 4.7 6.6 6.2 835.0
25.4 4.8 5.8 4.9 6.9 820.0
21.9 4.3 4.7 4.8 5.0 947.0
20.4 6.2 4.4 5.0 5.2 1013.0
26.4 6.2 6.2 6.4 4.9 788.0
20.2 4.5 6.0 5.1 5.8 1025.0
20.6 6.0 6.3 5.8 4.3 1005.0
21.4 6.2 4.6 4.6 6.1 967.0
27.9 5.2 6.1 6.4 5.9 749.0
20.6 6.3 6.2 6.9 4.6 1002.0
24.5 4.8 6.4 4.7 6.4 850.0
20.2 6.4 4.8 5.1 7.0 1021.0
25.3 4.9 4.9 6.5 4.7 822.0
21.7 4.4 5.8 5.1 4.6 954.0
27.1 6.1 4.8 4.9 5.0 770.0
21.1 6.3 4.6 4.0 6.1 980.0
20.7 6.1 6.0 6.3 6.5 998.0
21.0 4.3 4.9 6.0 4.9 986.0
27.8 6.2 6.3 4.9 5.2 749.0
20.6 6.3 4.3 5.9 4.7 1004.0
21.3 4.8 6.0 4.4 5.8 974.0
26.0 6.1 5.9 6.4 6.2 800.0
21.5 4.4 6.0 6.1 5.2 961.0
20.0 6.2 5.1 6.3 6.9 1032.0
25.6 5.2 6.8 5.1 4.7 814.0
20.6 6.0 5.1 4.5 5.0 1003.0
25.6 5.0 5.1 6.2 4.5 812.0
20.3 6.4 6.7 5.0 5.9 1020.0
20.2 4.2 5.1 6.4 6.2 1025.0
24.0 6.7 5.0 5.0 5.0 865.0
25.1 4.7 5.1 6.1 6.7 830.0
21.3 5.9 6.5 5.8 4.9 972.0
26.8 6.4 4.8 4.7 5.9 776.0
20.5 4.9 5.0 4.5 4.9 1008.0
21.2 6.8 5.9 6.1 4.8 977.0
27.0 4.6 5.1 6.1 6.4 773.0
20.6 5.1 6.0 5.9 6.5 1004.0
20.4 6.0 5.2 6.8 4.8 1014.0
27.3 5.2 6.4 4.9 4.9 764.0
20.8 6.0 6.8 5.0 4.7 995.0
25.9 5.1 5.0 5.1 4.5 803.0
21.6 6.1 4.8 7.0 6.0 959.0
21.2 5.0 6.9 4.7 5.9 974.0
20.1 6.8 4.7 5.0 6.3 1029.0
25.4 5.0 4.8 5.2 7.0 818.0
18.1 5.1 5.2 6.0 5.2 1137.0
27.4 5.1 6.4 6.1 5.0 760.0
20.0 6.3 5.9 5.2 4.1 1031.0
20.7 6.4 4.7 6.3 5.9 997.0
18.6 5.0 4.9 6.0 6.4 1108.0
26.1 5.2 6.1 4.8 6.1 798.0
21.5 4.9 4.6 5.1 4.8 964.0
21.5 4.6 6.4 6.8 6.0 964.0
21.7 5.8 6.1 4.7 7.0 956.0
27.8 4.8 4.8 4.6 4.6 751.0
20.8 6.9 4.7 6.1 5.2 993.0
21.3 6.8 6.3 5.0 5.2 971.0
20.1 4.7 6.7 5.9 4.9 1028.0
26.4 5.2 5.2 4.6 6.2 789.0
21.2 5.2 5.0 4.1 6.0 975.0
27.7 4.7 5.1 6.2 5.0 752.0
21.6 5.0 6.8 5.9 6.3 960.0
21.8 6.8 4.7 5.0 5.1 950.0
20.5 4.7 4.6 6.8 5.2 1009.0
20.9 6.5 5.8 4.8 6.0 990.0
20.4 5.0 4.7 6.9 6.2 1012.0
20.2 5.1 6.4 4.8 4.7 1023.0
24.8 6.1 5.1 4.6 5.0 839.0
24.4 6.0 6.2 6.3 6.1 853.0
24.0 6.3 5.1 5.1 6.1 865.0
25.8 5.1 6.1 6.1 4.8 808.0
25.5 6.1 5.0 5.8 5.0 815.0
25.1 4.9 6.0 4.7 6.1 829.0
25.2 6.1 4.7 6.1 5.9 826.0
25.4 5.1 6.0 5.0 4.8 821.0
25.1 6.1 6.0 4.6 4.6 830.0
24.0 5.0 4.9 6.2 6.1 864.0
24.0 6.0 6.2 4.9 6.1 864.0
21.8 5.0 5.0 6.2 4.6 948.0
25.5 6.2 6.2 6.0 5.1 817.0
21.5 5.0 5.1 4.7 6.2 964.0
21.1 5.8 5.1 5.0 4.7 980.0
25.2 5.2 6.0 6.2 6.3 825.0
20.8 6.1 5.1 4.9 6.0 996.0
24.6 4.8 5.0 6.0 4.9 845.0
20.7 6.2 6.3 5.0 5.1 998.0
21.4 4.9 6.1 6.0 5.9 966.0
25.1 4.9 4.7 5.1 5.1 829.0
21.4 6.1 6.3 6.1 6.1 966.0
25.1 4.7 5.1 5.0 6.0 830.0
21.8 5.8 5.9 6.0 4.9 949.0
20.2 6.0 4.8 6.1 4.7 1023.0
21.7 4.9 6.2 5.1 6.1 953.0
21.7 5.9 4.9 6.1 6.2 955.0
21.2 4.9 6.1 5.0 5.2 976.0
21.6 6.4 6.2 4.7 6.0 960.0
21.7 5.1 4.7 4.7 4.7 952.0
20.8 4.6 5.1 6.2 6.4 994.0
21.4 5.1 6.4 6.1 4.7 965.0
22.6 4.2 4.6 4.3 4.1 916.0
22.7 4.2 4.5 4.1 6.5 915.0
19.4 5.5 4.1 4.4 4.2 1064.0
22.5 4.4 4.1 6.5 4.2 920.0
18.7 4.6 4.0 5.4 4.1 1103.0
18.6 4.1 5.8 4.3 4.3 1108.0
18.8 5.7 4.5 4.5 6.5 1093.0
19.4 4.3 4.6 4.0 5.7 1064.0
23.6 4.4 4.2 6.9 6.8 880.0
19.0 4.3 4.4 5.2 6.8 1085.0
19.2 4.3 5.3 6.8 4.2 1077.0
18.4 5.3 4.3 6.5 4.2 1121.0
18.9 4.1 4.5 6.6 5.7 1093.0
23.7 4.3 6.6 4.0 6.7 877.0
19.1 4.6 5.8 6.9 7.0 1079.0
19.5 4.1 7.0 5.6 4.4 1058.0
19.9 5.6 4.0 6.5 6.8 1038.0
18.8 4.5 6.6 4.2 5.2 1096.0
23.9 4.4 6.6 6.8 4.5 871.0
18.3 4.1 6.9 5.2 6.8 1126.0
18.6 6.5 5.5 4.2 4.1 1107.0
18.5 5.3 6.8 4.4 4.5 1110.0
18.7 4.1 6.5 6.8 5.5 1104.0
22.9 4.2 6.8 6.8 7.0 906.0
18.8 6.8 4.4 5.7 4.4 1097.0
19.9 6.6 5.5 4.3 6.6 1038.0
19.6 5.5 7.0 4.3 6.8 1054.0
18.3 6.8 4.1 4.3 5.4 1123.0
22.5 6.7 4.4 4.2 4.4 920.0
19.9 6.6 4.5 5.2 6.8 1037.0
18.4 6.4 5.8 7.0 4.2 1122.0
18.9 5.4 6.9 6.7 4.4 1088.0
18.7 7.0 4.2 7.0 5.5 1103.0
23.2 6.7 4.1 4.2 6.5 894.0
19.0 6.8 5.4 6.4 7.0 1085.0
18.3 6.7 6.6 5.7 4.5 1127.0
19.4 5.2 6.4 6.5 6.5 1061.0
19.5 6.6 6.7 4.5 5.5 1059.0
22.3 6.6 4.2 6.8 4.4 930.0
19.1 6.6 6.5 5.4 6.7 1082.0
27.5 4.2 5.6 4.0 4.6 760.0
27.7 5.3 4.2 4.3 4.1 753.0
19.7 6.6 6.9 6.9 5.3 1048.0
24.0 6.9 4.6 7.0 6.4 866.0
27.7 4.3 4.1 5.4 4.1 752.0
27.1 4.5 5.4 4.2 6.7 770.0
26.6 5.7 4.5 4.4 6.8 783.0
26.1 4.1 4.0 4.2 5.4 799.0
22.0 6.4 6.6 4.5 4.6 941.0
26.1 4.2 4.3 5.3 6.5 798.0
26.4 4.3 5.8 6.4 4.2 789.0
27.0 5.5 4.5 6.9 4.2 772.0
27.8 4.2 4.2 6.5 5.4 750.0
22.5 6.5 6.9 4.1 7.0 921.0
26.9 4.3 5.4 6.7 6.7 774.0
27.7 4.5 6.8 5.7 4.1 754.0
27.0 5.5 4.3 6.7 6.6 773.0
27.7 4.5 6.8 4.1 5.3 753.0
22.9 6.5 7.0 6.5 4.5 904.0
26.0 4.4 7.0 5.4 6.9 800.0
26.1 6.6 5.4 4.5 4.3 798.0
27.5 5.4 6.9 4.3 4.4 759.0
26.6 4.0 7.0 7.0 5.7 784.0
23.3 6.6 6.9 7.0 6.5 889.0
26.7 6.9 4.5 5.2 4.4 781.0
27.6 6.8 5.7 4.5 6.7 756.0
27.6 5.6 6.8 4.0 6.6 756.0
27.2 6.6 4.5 4.3 5.4 766.0
22.8 5.9 4.3 4.0 4.4 909.0
27.2 6.5 4.2 5.5 6.9 766.0
28.0 6.6 5.6 6.9 4.4 746.0
27.4 7.0 4.5 6.6 5.3 762.0
22.2 4.4 6.2 4.5 4.3 932.0
27.3 5.4 6.6 6.7 4.6 765.0
27.6 6.5 6.9 5.5 4.5 757.0
27.1 6.5 6.7 4.3 5.7 768.0
26.6 6.4 5.6 6.9 6.6 782.0
23.7 4.2 6.1 4.4 6.8 877.0
26.1 5.4 6.6 7.0 6.7 799.0
26.2 6.8 7.0 5.4 6.6 795.0
26.4 6.7 6.8 6.5 5.6 790.0
22.4 4.6 4.2 5.9 4.4 924.0
25.3 5.6 4.0 4.3 4.6 824.0
20.0 4.5 5.5 4.6 6.2 1035.0
24.9 4.5 4.1 5.6 4.2 834.0
19.5 5.2 6.2 4.3 4.0 1059.0
24.2 4.5 4.5 4.6 5.3 857.0
18.1 6.1 4.2 5.8 4.5 1138.0
19.3 4.4 5.7 6.7 5.9 1067.0
25.2 4.2 4.3 5.6 6.6 826.0
19.7 5.7 6.3 4.2 6.6 1047.0
24.8 4.5 4.2 6.4 5.7 837.0
18.4 6.4 4.0 5.4 6.8 1118.0
19.7 4.4 6.3 4.4 5.3 1047.0
24.9 5.3 4.5 4.2 6.5 834.0
19.7 4.0 6.3 5.7 4.2 1046.0
25.1 4.5 6.5 4.0 5.6 829.0
19.0 6.3 5.3 4.1 4.5 1087.0
24.1 4.5 6.7 5.7 4.3 861.0
18.5 6.2 4.2 4.1 5.3 1114.0
25.3 4.4 5.8 4.3 4.5 824.0
18.3 6.0 6.9 5.6 4.0 1123.0
24.2 4.6 6.6 7.0 5.3 857.0
18.1 6.2 5.8 4.2 6.8 1138.0
25.9 4.3 6.7 5.3 7.0 804.0
18.6 6.4 4.1 6.6 5.4 1108.0
24.8 4.5 5.8 4.4 6.8 839.0
19.5 6.3 6.8 5.3 6.9 1057.0
24.7 6.6 4.4 4.2 5.4 842.0
24.5 4.1 5.5 6.7 4.5 847.0
26.4 6.4 4.6 5.3 4.0 788.0
19.8 6.2 6.6 4.0 5.6 1044.0
24.8 4.1 5.4 6.7 6.8 840.0
26.8 5.8 4.5 5.5 6.7 778.0
19.5 5.8 6.6 6.5 5.4 1057.0
24.8 6.8 5.6 4.3 4.1 837.0
25.5 7.0 4.3 5.3 4.4 816.0
18.4 4.1 4.6 6.1 5.3 1119.0
25.8 6.8 5.3 4.2 6.4 808.0
18.4 4.6 6.6 6.2 5.6 1120.0
24.9 5.6 4.1 6.8 4.1 836.0
18.9 6.1 5.5 6.6 4.3 1089.0
25.5 6.5 4.6 6.8 5.4 815.0
25.7 6.4 4.3 5.7 6.9 811.0
24.6 6.6 5.3 6.9 4.0 845.0
18.6 5.3 6.0 6.5 4.4 1107.0
24.4 6.8 6.6 4.0 5.7 853.0
24.4 6.6 6.6 5.7 4.4 850.0
24.7 5.3 4.5 6.9 6.9 841.0
19.5 4.1 6.2 6.5 5.6 1056.0
25.0 7.0 7.0 5.2 6.6 831.0
24.1 5.3 6.8 4.4 4.0 862.0
19.3 6.9 5.3 4.4 6.4 1068.0
18.3 4.2 4.2 5.3 6.1 1126.0
24.2 5.6 6.5 4.5 6.9 858.0
24.0 6.5 5.5 6.8 6.7 865.0
18.2 4.1 6.3 5.6 6.9 1131.0
24.3 6.8 6.9 6.7 5.5 856.0
26.0 5.4 6.7 7.0 4.1 802.0
27.8 5.9 6.5 5.6 4.4 750.0
18.9 6.6 4.4 6.0 5.4 1090.0
26.0 4.2 5.6 4.6 5.8 800.0
24.9 5.3 6.9 6.4 6.7 834.0
18.7 4.3 5.2 6.1 4.5 1101.0
27.1 6.1 4.1 4.0 5.5 770.0
19.1 4.2 5.6 5.9 6.5 1078.0
27.0 6.0 4.2 6.6 5.6 772.0
26.8 6.0 6.9 5.2 7.0 777.0
18.7 6.2 5.6 6.8 6.7 1101.0
19.2 6.7 6.2 4.0 5.4 1073.0
18.3 7.0 6.4 5.7 6.8 1125.0
18.6 6.8 6.6 5.9 5.6 1108.0
19.8 5.3 4.5 6.1 6.9 1044.0
23.1 4.2 4.1 4.1 5.0 899.0
19.3 6.8 5.5 6.0 4.3 1069.0
18.4 5.5 6.3 6.9 6.7 1117.0
22.2 4.2 4.4 6.8 4.7 932.0
27.4 5.4 5.8 4.2 4.4 762.0
18.4 6.7 6.0 6.5 5.4 1120.0
22.6 4.6 4.2 4.6 4.6 918.0
