18.3 5.4 6.1 6.5 4.7 1124.0
20.7 6.6 4.6 4.7 6.5 1000.0
24.5 4.2 4.5 5.3 4.9 848.0
27.2 6.0 6.8 4.2 4.3 767.0
20.3 4.2 6.6 4.8 6.3 1016.0
18.1 4.8 4.3 6.7 6.8 1139.0
19.2 5.9 5.5 5.4 4.9 1076.0
26.9 6.6 5.6 6.7 6.5 775.0
26.0 6.6 4.7 6.1 4.5 801.0
27.5 6.9 5.0 4.0 4.6 758.0
23.7 5.4 5.7 4.6 6.1 877.0
25.5 4.6 6.9 6.0 5.2 817.0
22.8 6.9 6.4 4.4 5.3 910.0
26.4 6.9 6.4 5.3 6.0 789.0
20.9 6.5 5.8 5.7 5.8 988.0
25.6 5.3 5.4 7.0 5.1 812.0
21.5 4.3 5.3 4.4 4.6 964.0
20.2 4.2 4.6 6.6 5.1 1023.0
18.4 5.1 5.7 6.8 5.9 1119.0
24.1 4.5 4.2 6.5 6.7 862.0
19.7 4.0 6.3 4.4 6.9 1047.0
27.6 6.9 4.7 6.6 4.2 755.0
18.6 6.5 6.5 4.6 7.0 1110.0
27.3 4.2 4.3 6.8 4.2 763.0
26.8 4.6 6.7 4.4 6.8 777.0
19.8 6.4 4.4 6.9 4.2 1044.0
26.4 6.5 6.5 4.2 6.6 788.0
19.0 4.4 4.1 6.9 4.5 1087.0
19.0 4.6 6.4 7.0 6.6 1084.0
26.5 6.3 4.6 4.2 4.2 787.0
20.3 6.7 6.3 6.4 6.7 1017.0
27.8 4.1 4.5 4.1 4.1 752.0
26.9 4.4 6.8 7.0 6.8 775.0
20.3 6.9 4.7 4.6 4.4 1018.0
27.3 6.6 6.6 6.6 6.8 764.0
18.1 4.2 4.2 4.1 4.3 1135.0
19.4 4.2 4.1 4.6 6.9 1064.0
25.6 6.6 6.4 6.3 4.7 813.0
19.5 6.5 4.4 4.5 6.5 1058.0
26.3 4.6 7.0 6.5 4.1 792.0
27.4 4.1 4.6 4.1 6.5 761.0
20.3 6.6 6.5 6.9 4.0 1019.0
26.0 6.7 4.7 4.3 6.9 801.0
18.1 4.6 6.5 6.6 4.2 1139.0
20.3 4.3 4.6 6.7 6.3 1017.0
26.5 6.5 6.3 4.4 4.2 787.0
18.5 6.9 4.7 6.7 6.6 1115.0
25.7 4.6 6.9 4.6 4.1 809.0
27.6 4.7 4.7 6.7 6.9 757.0
19.5 6.9 6.3 4.4 4.5 1060.0
27.0 6.9 4.4 6.6 6.3 772.0
19.2 4.6 6.3 4.1 4.2 1076.0
18.8 6.9 7.0 4.8 6.6 1098.0
26.7 4.9 4.4 4.0 4.1 780.0
19.9 4.2 6.4 6.1 6.6 1036.0
23.5 6.9 4.5 6.9 4.3 882.0
27.5 4.9 6.8 4.2 6.3 759.0
19.4 4.5 4.4 5.9 4.4 1066.0
25.2 6.4 7.0 4.1 6.4 827.0
20.4 4.5 5.4 6.9 4.4 1013.0
25.6 6.1 4.5 4.6 6.6 813.0
26.4 6.7 6.1 6.8 4.7 789.0
18.0 4.7 6.6 4.1 6.2 1140.0
26.3 6.5 4.4 6.0 6.9 793.0
20.2 4.9 6.7 6.9 4.1 1025.0
24.0 4.2 4.5 4.6 4.2 866.0
18.1 6.6 6.6 7.0 5.7 1135.0
25.0 4.6 4.5 4.6 6.5 833.0
27.3 5.7 6.3 6.5 4.6 763.0
18.7 4.6 4.2 5.4 6.5 1100.0
27.8 6.9 5.6 4.6 4.3 749.0
18.7 4.5 6.9 6.3 5.8 1101.0
27.6 5.8 4.5 6.7 6.6 755.0
18.5 7.0 6.4 5.0 4.6 1112.0
25.5 6.4 4.5 4.4 6.3 816.0
26.4 4.6 5.8 6.9 4.4 790.0
19.0 4.2 4.7 4.4 6.1 1086.0
18.4 6.2 6.4 6.6 6.6 1117.0
24.2 6.7 4.1 4.2 4.7 858.0
26.3 4.5 5.9 4.7 4.0 793.0
18.9 6.3 6.5 6.0 6.4 1092.0
23.8 4.7 4.4 6.4 4.3 874.0
27.0 6.7 6.7 4.4 5.8 773.0
18.1 4.5 4.6 5.7 6.4 1135.0
26.6 5.8 6.3 6.9 6.7 784.0
18.4 4.7 5.5 4.5 4.7 1122.0
18.1 6.2 4.2 6.8 4.4 1136.0
23.0 6.5 6.4 4.4 4.5 901.0
27.2 4.4 4.7 4.7 5.7 766.0
26.3 6.3 6.5 6.0 6.8 792.0
20.2 4.5 5.0 6.9 6.4 1024.0
19.6 5.9 4.5 4.4 4.2 1055.0
18.6 6.4 6.0 6.8 7.0 1105.0
24.1 4.3 6.3 4.7 4.7 863.0
27.0 4.4 4.6 6.2 4.2 772.0
27.4 6.3 6.9 6.8 6.2 761.0
18.8 6.8 4.4 4.6 5.6 1095.0
20.0 4.4 6.1 6.6 6.7 1031.0
24.4 7.0 6.3 6.5 4.0 852.0
26.8 4.6 4.7 5.0 7.0 779.0
19.3 5.9 4.2 4.6 6.5 1070.0
25.4 4.4 6.8 6.8 4.2 818.0
26.8 5.9 4.4 4.6 4.2 778.0
20.2 6.8 5.8 4.1 6.5 1022.0
27.1 4.0 6.3 6.2 4.1 769.0
20.5 6.5 4.7 6.9 5.7 1011.0
18.0 4.5 6.2 4.2 4.4 1140.0
23.2 6.7 6.3 6.8 6.6 895.0
24.1 4.6 6.6 4.5 6.4 862.0
26.0 5.7 4.2 6.6 4.3 800.0
19.6 6.4 6.3 4.4 5.5 1052.0
25.6 4.2 4.2 6.0 6.3 812.0
18.1 4.7 4.5 4.0 5.4 1138.0
20.1 5.9 6.7 6.5 4.4 1027.0
23.2 6.6 4.0 6.7 6.4 896.0
27.3 4.0 5.6 4.2 6.3 764.0
28.0 7.0 7.0 6.1 4.6 745.0
19.8 4.1 5.5 4.5 7.0 1044.0
19.9 4.5 6.3 6.0 4.3 1035.0
26.8 5.6 6.9 4.5 6.8 777.0
26.2 6.5 4.4 6.3 4.8 794.0
19.5 5.9 4.7 6.5 7.0 1060.0
26.7 6.9 4.1 4.0 5.2 780.0
19.6 4.0 5.8 6.6 4.7 1053.0
23.3 4.5 6.4 6.8 6.7 893.0
19.4 6.3 4.3 5.3 4.7 1061.0
26.7 4.4 6.7 4.6 5.1 779.0
19.9 6.1 6.6 4.7 4.2 1039.0
26.5 6.8 5.3 7.0 6.9 785.0
18.5 6.9 4.3 5.8 4.4 1114.0
20.3 4.5 4.5 6.9 5.9 1017.0
27.9 4.1 5.9 6.6 6.6 748.0
27.8 6.8 4.0 5.0 4.5 750.0
18.9 4.3 6.0 4.6 6.8 1091.0
19.6 6.2 6.5 4.2 6.8 1052.0
26.3 4.3 4.2 4.7 5.4 792.0
20.5 6.3 6.9 6.2 4.6 1010.0
23.5 5.9 4.1 7.0 4.1 882.0
26.2 6.9 5.5 4.5 6.5 794.0
22.5 4.0 6.7 6.5 4.4 922.0
27.4 4.1 4.5 6.3 5.9 761.0
25.9 6.6 6.7 4.8 4.5 803.0
20.7 4.6 4.3 4.1 6.8 1000.0
19.0 7.0 5.8 4.1 4.1 1084.0
18.3 6.6 4.6 5.8 6.4 1124.0
27.5 5.1 7.0 4.1 4.7 758.0
27.0 4.1 6.8 6.3 6.1 771.0
22.3 4.3 4.0 6.8 6.4 928.0
20.4 6.3 5.8 6.3 4.1 1013.0
26.1 6.8 4.7 4.0 5.7 798.0
20.2 5.1 4.1 4.4 6.7 1021.0
27.0 4.1 6.3 5.9 6.3 773.0
21.4 6.4 6.5 4.4 4.2 967.0
19.6 5.4 4.6 6.5 4.6 1052.0
27.0 4.6 7.0 4.2 5.8 773.0
23.0 6.4 4.4 6.7 4.5 903.0
26.6 6.3 4.7 6.6 6.2 783.0
20.4 5.1 6.6 4.2 6.7 1014.0
18.5 4.5 4.4 4.8 4.4 1114.0
23.5 6.9 6.2 6.3 6.6 883.0
20.1 4.0 6.3 4.9 4.4 1027.0
19.3 5.2 6.6 6.9 6.7 1068.0
27.8 6.8 5.1 4.4 6.9 752.0
26.9 6.3 6.8 6.7 5.4 774.0
27.3 4.4 4.4 5.5 4.6 764.0
21.1 4.4 4.6 4.6 4.2 983.0
18.4 6.5 5.4 6.6 6.6 1121.0
28.0 4.8 6.9 6.8 4.1 746.0
18.0 6.4 4.7 5.0 6.3 1141.0
18.5 5.0 6.8 4.4 4.0 1112.0
24.3 4.6 4.6 4.2 5.8 854.0
23.3 4.1 5.8 6.8 6.7 890.0
27.9 6.4 6.7 4.6 5.3 748.0
20.5 6.3 5.0 6.5 4.7 1010.0
27.2 4.1 6.5 4.9 4.6 766.0
19.0 7.0 5.3 4.5 6.4 1088.0
27.4 5.1 4.5 4.3 6.9 760.0
18.3 4.5 6.7 4.4 5.2 1126.0
23.8 4.1 4.0 5.7 4.7 871.0
24.8 5.5 6.9 6.9 6.6 838.0
18.2 6.4 5.3 4.3 4.4 1132.0
24.8 4.4 4.7 5.7 6.4 837.0
20.0 4.4 6.5 6.4 5.0 1032.0
24.6 6.2 4.5 6.8 6.7 845.0
19.2 6.4 6.8 6.6 5.2 1073.0
26.6 4.6 6.5 5.3 6.4 784.0
27.5 6.4 5.4 6.8 4.4 759.0
27.9 6.9 4.6 5.1 6.9 749.0
19.6 6.3 6.9 4.7 5.1 1055.0
26.0 5.0 4.2 6.4 4.4 802.0
18.9 5.0 4.2 4.2 4.4 1092.0
28.0 4.0 5.0 4.1 4.2 746.0
22.9 4.1 6.4 6.7 6.4 908.0
25.6 6.7 6.6 4.8 6.9 814.0
25.5 4.7 4.9 4.5 6.3 815.0
20.3 6.5 4.2 6.5 5.0 1018.0
21.0 4.6 4.7 6.3 4.6 983.0
18.5 5.9 5.8 4.7 6.4 1111.0
26.1 4.6 6.3 6.6 5.3 799.0
21.6 4.4 6.8 4.3 4.7 958.0
25.6 4.2 5.0 6.3 4.3 812.0
19.1 5.5 4.6 4.5 6.2 1079.0
20.1 5.7 4.0 5.5 4.3 1030.0
23.0 6.1 4.5 4.2 6.7 900.0
18.7 6.0 6.2 4.5 4.1 1102.0
18.2 6.8 6.9 5.8 5.6 1132.0
23.6 4.2 6.5 5.5 6.4 879.0
27.4 4.7 5.2 6.4 6.3 760.0
18.7 6.6 4.3 4.0 5.0 1102.0
24.4 6.2 6.8 4.0 4.2 851.0
23.4 6.9 4.3 5.9 4.7 886.0
18.5 4.3 4.2 6.1 5.6 1114.0
23.9 4.6 6.0 4.6 4.1 869.0
18.3 6.0 6.3 7.0 5.9 1123.0
24.4 6.0 4.4 4.1 4.5 853.0
26.9 4.4 6.0 5.7 6.6 776.0
19.0 6.0 4.3 6.5 5.8 1086.0
23.4 4.4 5.7 4.5 6.9 888.0
18.1 5.7 6.6 6.0 6.8 1139.0
26.1 4.4 4.1 6.3 5.1 799.0
20.1 6.0 6.1 6.6 4.0 1028.0
25.3 5.7 6.8 4.7 6.8 822.0
25.1 6.3 6.9 5.6 7.0 829.0
24.9 6.6 4.1 5.9 6.8 835.0
19.1 4.5 5.5 4.2 5.4 1080.0
23.2 4.5 5.8 6.4 4.4 893.0
20.3 6.2 4.1 5.6 6.8 1017.0
24.4 6.1 6.6 6.7 4.3 851.0
24.1 6.7 4.1 4.1 5.6 861.0
18.7 6.6 5.6 4.2 5.8 1103.0
23.6 4.7 6.3 5.7 4.5 880.0
19.7 6.2 5.9 6.8 6.4 1049.0
25.5 4.7 4.0 4.1 4.8 817.0
27.9 4.7 6.2 5.8 4.4 748.0
27.6 5.6 4.4 6.3 5.7 757.0
25.7 5.7 6.2 4.0 4.7 811.0
19.8 4.7 6.7 5.9 5.7 1045.0
19.2 6.0 6.6 4.2 6.2 1073.0
24.5 6.4 6.6 6.1 4.1 850.0
24.7 6.8 4.6 6.9 6.2 841.0
18.3 4.5 5.5 5.3 4.2 1126.0
25.0 4.7 4.2 6.9 5.7 833.0
27.5 5.6 6.1 4.5 6.5 759.0
19.8 5.6 6.5 5.6 4.6 1043.0
23.2 4.1 6.5 4.0 5.6 895.0
26.8 6.2 4.6 5.9 4.7 777.0
19.0 4.6 5.1 4.1 6.1 1086.0
25.5 5.7 4.3 6.1 6.6 816.0
26.5 6.1 6.2 6.9 4.7 785.0
19.0 4.2 5.7 4.4 6.2 1082.0
27.8 5.9 6.4 5.6 4.2 750.0
23.5 6.4 6.4 4.7 6.0 885.0
18.9 4.7 5.0 5.7 4.5 1090.0
25.4 6.7 6.8 6.6 6.1 819.0
18.6 6.1 5.4 4.3 6.9 1106.0
19.4 4.7 5.0 6.0 6.3 1065.0
24.8 4.4 7.0 6.5 5.8 840.0
25.8 6.2 5.2 4.3 4.3 806.0
28.0 6.0 6.3 6.1 6.3 746.0
24.8 4.0 5.3 4.2 4.5 839.0
18.2 6.7 4.4 5.6 5.9 1131.0
25.9 5.7 4.1 4.1 6.0 804.0
22.4 4.7 6.6 4.1 6.6 927.0
18.4 6.6 5.3 5.8 4.1 1121.0
25.8 4.1 4.4 5.5 5.8 808.0
18.5 6.2 5.2 4.2 4.6 1116.0
26.1 4.5 6.6 6.0 6.0 797.0
21.1 6.4 4.1 4.1 4.5 979.0
27.7 6.5 4.2 5.6 5.7 752.0
22.1 6.9 4.4 6.3 7.0 938.0
18.9 4.1 5.7 6.0 4.0 1092.0
26.9 5.6 5.9 6.9 6.5 775.0
22.9 6.5 6.5 4.4 6.8 905.0
22.3 6.7 7.0 6.7 4.1 928.0
27.3 5.5 6.5 4.6 6.0 764.0
18.8 6.5 5.5 6.1 6.5 1095.0
23.6 4.5 5.1 4.2 6.6 881.0
19.4 4.7 4.2 6.2 4.9 1063.0
19.0 6.2 4.4 4.2 4.9 1085.0
24.2 6.9 6.1 4.4 4.5 857.0
27.4 6.3 6.3 5.7 5.7 762.0
27.3 4.9 4.3 6.9 6.4 765.0
20.8 6.7 6.7 6.8 6.7 992.0
27.0 5.5 6.6 7.0 6.4 772.0
26.1 4.3 5.3 5.5 4.4 797.0
20.1 4.1 6.8 5.6 4.9 1029.0
20.0 5.7 5.1 6.3 4.1 1032.0
24.9 6.8 5.3 4.3 4.1 835.0
24.3 4.1 5.0 6.5 4.3 855.0
26.1 5.6 6.4 6.4 5.7 797.0
19.6 4.6 4.1 4.8 6.0 1055.0
19.4 5.8 4.1 5.1 4.0 1062.0
24.8 4.1 4.3 5.0 4.4 839.0
18.5 4.2 5.9 6.8 6.0 1114.0
18.7 5.8 4.6 5.0 6.4 1102.0
23.1 6.6 5.5 4.7 7.0 900.0
24.6 6.8 5.6 6.8 4.5 846.0
24.9 4.7 4.6 5.1 6.6 834.0
18.8 5.6 4.0 6.6 5.4 1096.0
20.1 6.7 5.7 6.7 6.0 1029.0
23.8 4.0 6.3 5.1 4.1 874.0
24.5 4.1 6.3 5.3 6.8 849.0
18.7 5.8 6.3 4.3 5.3 1101.0
25.2 4.7 5.1 6.7 6.7 827.0
18.4 6.2 6.9 5.3 4.7 1119.0
24.9 6.8 5.1 4.2 6.5 835.0
19.7 5.5 6.6 6.5 5.4 1048.0
25.0 6.6 5.3 6.6 4.7 831.0
24.4 6.9 4.0 4.9 4.6 852.0
18.4 4.2 6.3 5.0 6.1 1119.0
23.5 6.7 4.9 6.3 6.7 883.0
23.9 6.9 4.2 5.1 6.4 870.0
19.1 5.4 4.5 4.4 5.6 1078.0
25.3 4.2 4.0 6.5 5.4 821.0
18.8 6.0 7.0 4.8 6.5 1095.0
23.8 4.2 6.8 4.1 5.4 873.0
19.0 5.9 5.2 7.0 6.6 1088.0
25.1 4.0 6.6 6.6 5.2 828.0
26.8 5.5 4.7 4.9 4.1 777.0
25.1 6.4 6.7 5.0 4.4 829.0
27.8 5.6 5.3 4.0 6.7 749.0
27.7 4.0 5.4 4.3 6.0 753.0
25.7 5.7 4.3 4.4 5.4 810.0
19.8 4.3 6.1 5.6 6.7 1041.0
26.4 5.8 4.3 6.5 4.8 788.0
20.4 4.4 5.6 5.3 4.5 1012.0
27.0 6.1 6.7 4.6 5.2 773.0
26.6 6.0 5.1 6.5 4.5 785.0
25.8 4.3 5.9 4.5 5.6 807.0
27.4 5.7 4.3 5.5 6.4 761.0
19.5 6.9 5.5 6.0 4.6 1057.0
27.4 4.1 6.1 6.7 5.7 761.0
25.8 6.1 6.6 5.5 4.4 807.0
22.1 4.5 4.5 4.3 6.0 937.0
22.2 5.6 4.4 4.4 4.4 934.0
26.8 6.9 5.7 4.4 5.7 776.0
20.1 6.6 5.9 5.7 6.8 1026.0
21.1 4.2 4.2 5.5 4.2 981.0
26.5 6.7 5.5 7.0 5.9 787.0
21.5 6.0 4.5 4.7 6.5 962.0
27.7 6.4 5.9 6.2 4.1 754.0
21.4 4.2 4.7 6.3 5.5 969.0
26.5 6.4 5.8 5.5 6.5 788.0
21.4 6.2 4.0 6.4 4.5 969.0
18.3 5.2 4.2 6.3 6.1 1126.0
18.2 4.1 5.6 5.4 6.7 1129.0
19.5 4.1 5.8 6.7 5.1 1060.0
24.9 6.8 6.5 4.8 6.7 836.0
26.0 5.6 6.7 5.5 6.8 802.0
25.3 6.7 4.1 4.3 5.1 823.0
20.5 5.2 5.6 4.5 4.3 1009.0
24.6 6.4 4.3 6.3 5.3 846.0
19.8 5.2 5.6 4.2 7.0 1042.0
23.7 6.7 6.7 4.6 5.0 876.0
18.5 4.9 4.6 5.6 4.5 1112.0
25.4 5.2 4.1 4.6 4.5 820.0
20.5 5.0 5.5 6.8 6.3 1011.0
23.2 6.3 6.4 6.3 4.8 896.0
19.4 6.4 6.0 5.0 4.5 1065.0
24.1 5.2 4.6 4.2 6.9 864.0
19.1 5.0 4.4 6.0 6.4 1078.0
18.4 6.4 5.6 4.6 5.4 1119.0
23.9 5.4 4.5 7.0 4.6 870.0
18.4 6.8 6.0 4.8 6.6 1119.0
23.5 5.1 4.7 6.3 6.8 882.0
19.0 6.8 6.2 6.6 4.8 1083.0
25.1 5.3 6.7 4.5 4.7 828.0
23.3 5.3 6.7 4.1 6.6 891.0
18.4 6.3 4.7 5.6 4.9 1120.0
27.3 4.6 5.9 4.7 5.2 763.0
19.7 6.3 6.7 6.1 4.9 1049.0
23.2 5.4 6.8 6.7 4.2 896.0
24.9 5.5 6.4 6.6 6.3 837.0
18.2 6.8 4.7 4.8 6.1 1130.0
28.0 4.4 6.2 4.8 4.5 746.0
18.6 5.0 6.4 4.1 6.0 1105.0
18.1 4.9 6.3 6.1 4.2 1139.0
19.5 4.3 5.0 6.4 6.2 1061.0
19.7 6.9 6.6 5.5 5.6 1048.0
26.5 4.4 5.3 5.9 6.7 787.0
19.0 6.4 5.4 4.1 6.2 1082.0
19.9 5.0 6.4 5.8 6.3 1038.0
26.8 4.4 4.4 6.1 5.0 777.0
26.7 6.6 5.5 6.0 4.6 781.0
27.4 4.9 4.3 4.5 6.0 760.0
25.9 4.8 5.8 4.1 4.5 803.0
24.9 4.2 4.1 6.1 5.8 834.0
24.0 4.2 5.6 5.9 4.0 866.0
24.2 4.6 5.5 4.3 5.7 858.0
23.1 4.4 6.2 5.8 6.4 899.0
26.9 5.5 6.3 6.4 5.3 775.0
27.1 5.5 4.9 6.3 6.4 770.0
27.5 4.5 6.8 5.8 5.2 760.0
21.0 6.1 4.0 6.8 6.9 987.0
18.9 4.1 4.2 4.9 5.4 1093.0
26.2 4.6 6.0 5.2 6.5 794.0
20.6 5.6 6.5 4.6 4.4 1004.0
22.7 5.9 6.4 4.6 6.5 915.0
19.3 4.5 5.1 4.7 4.8 1071.0
27.7 6.5 4.0 5.6 5.4 753.0
21.5 6.2 6.8 6.5 4.3 964.0
26.4 6.8 5.3 6.0 6.8 789.0
18.8 4.4 4.9 6.8 4.9 1096.0
22.9 6.0 7.0 6.4 6.3 906.0
19.2 4.6 6.7 5.4 5.1 1074.0
18.8 6.4 5.3 4.3 5.0 1094.0
24.7 6.2 4.8 4.4 4.7 842.0
27.0 6.6 6.3 6.2 5.4 773.0
18.5 6.9 4.9 6.9 5.5 1112.0
18.8 4.4 4.8 5.0 6.7 1098.0
23.6 5.6 4.4 5.9 4.4 880.0
27.2 4.1 5.3 6.6 6.0 768.0
23.3 6.0 4.3 5.0 4.4 890.0
27.8 4.2 4.2 5.2 6.2 750.0
22.1 4.1 5.7 4.2 4.3 937.0
24.9 6.2 4.2 4.5 6.1 834.0
24.2 5.7 6.2 4.5 4.7 858.0
24.1 5.7 4.5 6.2 6.4 861.0
21.6 4.3 6.2 4.3 6.6 961.0
23.7 6.1 6.6 5.8 4.7 875.0
27.5 4.4 6.2 6.8 5.0 759.0
24.6 5.6 6.6 5.7 6.4 847.0
25.9 6.6 6.1 4.5 5.1 804.0
21.8 4.6 4.1 5.5 6.9 949.0
26.9 6.6 6.2 6.7 5.3 775.0
22.0 4.3 6.4 5.6 4.5 942.0
22.4 4.6 6.8 4.2 6.0 925.0
27.1 6.9 4.9 4.3 5.7 770.0
22.5 4.6 6.3 5.9 6.6 922.0
20.5 6.5 5.2 6.6 5.2 1010.0
27.3 5.1 4.6 6.2 4.1 763.0
21.3 6.9 4.2 5.6 4.5 971.0
18.1 5.1 6.7 6.6 5.7 1138.0
27.5 6.9 4.9 7.0 5.9 759.0
18.3 4.8 4.6 5.0 4.6 1126.0
22.9 4.1 6.2 6.5 4.6 905.0
27.9 4.4 6.4 5.4 6.1 748.0
24.1 5.8 4.7 6.5 5.9 863.0
28.0 6.6 5.9 5.4 4.1 745.0
22.1 4.7 6.5 6.3 6.1 938.0
19.6 7.0 4.8 4.8 4.2 1055.0
25.6 4.8 4.1 6.7 5.8 814.0
27.3 6.6 4.2 5.1 6.1 763.0
20.8 4.5 5.6 6.5 6.9 994.0
20.9 4.5 4.3 5.4 4.6 988.0
27.3 6.3 6.2 5.2 6.3 764.0
20.9 4.8 4.7 4.2 4.7 991.0
21.5 6.7 5.7 4.3 4.2 963.0
28.0 5.0 6.7 4.0 5.5 745.0
21.8 6.5 4.1 4.3 6.2 952.0
27.3 4.8 6.0 4.7 6.3 764.0
20.9 6.8 6.0 4.4 6.7 991.0
27.6 5.5 4.5 6.1 6.5 755.0
20.9 6.3 5.8 6.4 4.4 991.0
27.9 4.9 6.8 6.5 5.8 747.0
22.3 4.9 4.3 4.7 6.8 930.0
20.5 6.7 4.2 6.1 6.6 1007.0
25.5 5.2 5.9 6.9 4.6 815.0
21.2 6.6 5.6 6.3 7.0 975.0
19.6 5.0 4.5 5.2 6.5 1051.0
19.3 5.4 4.3 4.4 5.0 1068.0
25.5 5.0 5.8 6.4 6.9 816.0
19.8 6.7 4.3 5.5 4.8 1045.0
18.6 5.3 4.1 6.3 5.0 1108.0
20.0 7.0 6.5 5.0 5.5 1031.0
20.3 5.2 6.9 4.9 4.4 1020.0
20.2 5.2 6.7 5.0 6.3 1024.0
18.8 5.0 6.5 4.3 5.5 1094.0
26.5 4.5 5.5 4.1 5.1 785.0
21.3 6.7 6.3 5.9 4.3 972.0
26.3 5.3 6.4 6.0 4.6 791.0
20.5 4.1 4.8 4.1 6.6 1006.0
27.9 4.0 5.3 6.5 5.1 748.0
20.7 6.8 4.2 6.8 5.6 997.0
23.4 5.7 6.0 4.5 6.6 889.0
21.2 7.0 6.3 5.8 6.6 974.0
19.1 5.5 6.3 6.6 5.3 1080.0
20.3 6.3 5.5 5.2 6.5 1019.0
27.1 4.9 4.5 4.5 5.0 769.0
27.9 6.8 5.3 4.3 5.4 749.0
25.6 5.0 6.5 5.5 6.9 812.0
21.6 4.2 4.7 4.7 5.4 960.0
22.0 4.3 4.2 6.8 4.9 944.0
23.2 5.8 5.7 6.9 4.3 894.0
21.9 4.1 4.3 4.8 6.7 945.0
27.4 4.3 4.3 4.8 5.0 760.0
23.8 5.5 5.6 6.7 6.3 873.0
26.1 4.1 6.6 5.4 5.3 798.0
21.3 4.5 4.8 6.5 4.1 972.0
22.6 4.3 6.8 5.1 4.5 917.0
26.0 4.1 4.9 5.1 4.7 802.0
20.5 7.0 6.3 4.5 6.2 1007.0
19.1 5.9 5.9 5.5 4.0 1078.0
20.9 6.3 6.6 6.6 5.7 987.0
27.2 4.2 4.9 5.2 6.3 768.0
20.8 4.1 5.0 6.9 6.3 993.0
26.0 6.4 4.7 5.3 5.5 800.0
22.9 4.2 6.9 4.4 5.4 906.0
19.4 5.0 5.5 4.0 4.0 1065.0
19.5 5.6 5.9 5.8 6.6 1057.0
25.9 6.3 5.4 6.5 5.4 803.0
22.9 4.3 6.7 5.2 6.7 906.0
19.4 5.4 5.2 4.5 6.3 1063.0
23.1 5.8 4.1 4.3 5.0 899.0
27.0 5.9 5.5 5.5 4.3 773.0
20.5 4.5 6.9 7.0 4.9 1006.0
27.5 6.8 5.4 5.0 4.4 758.0
22.1 6.3 4.3 4.2 4.8 937.0
26.7 5.7 5.6 5.9 6.4 780.0
21.3 4.8 4.2 6.4 4.5 973.0
19.8 5.9 5.6 4.6 5.9 1043.0
22.9 6.6 4.7 5.4 4.3 905.0
18.3 5.9 5.6 6.3 5.8 1126.0
26.0 5.1 4.3 5.1 4.7 802.0
26.3 5.7 5.6 4.3 6.2 791.0
22.3 5.5 4.6 6.6 6.6 930.0
22.7 6.6 4.4 5.5 6.5 913.0
21.8 6.4 4.4 6.9 5.4 952.0
27.1 5.3 4.1 4.8 6.5 770.0
21.0 6.8 6.9 6.7 5.4 984.0
26.0 5.1 6.3 4.9 4.2 802.0
22.6 5.0 6.7 4.4 4.6 919.0
26.9 6.0 5.9 6.8 5.8 775.0
20.7 6.9 6.7 5.5 4.4 1000.0
19.8 4.9 5.2 6.5 4.2 1043.0
21.6 6.8 6.3 5.2 6.6 957.0
19.8 5.1 5.1 6.6 6.7 1043.0
26.5 7.0 6.4 5.1 5.5 785.0
26.9 5.2 5.4 4.4 4.3 775.0
21.9 6.4 5.4 4.7 4.1 946.0
22.5 5.3 6.9 4.4 6.8 921.0
25.5 5.0 4.4 6.3 5.2 816.0
27.8 6.4 4.9 5.1 6.5 750.0
21.5 5.0 6.8 6.5 4.5 965.0
20.6 6.4 5.3 4.1 6.6 1003.0
26.2 5.4 6.5 4.5 5.2 795.0
20.7 6.9 5.1 6.6 4.7 997.0
27.8 5.4 6.5 4.8 6.8 750.0
23.0 6.6 5.1 6.9 6.5 902.0
27.3 5.0 6.9 6.3 5.2 763.0
21.1 5.0 7.0 6.3 6.5 979.0
26.5 5.4 5.3 4.2 6.6 787.0
27.4 4.9 4.9 6.4 4.2 762.0
21.3 4.3 4.0 5.1 6.1 970.0
21.9 4.7 4.0 5.8 5.7 946.0
19.0 4.6 6.0 5.4 5.7 1084.0
19.3 4.2 5.6 5.4 5.4 1068.0
18.4 4.1 5.9 5.5 5.5 1119.0
27.7 5.0 5.5 6.5 7.0 753.0
22.7 4.3 4.0 4.9 5.0 913.0
18.2 6.1 4.3 5.1 4.8 1129.0
18.2 5.7 5.6 4.1 5.5 1128.0
23.0 6.5 6.0 5.9 4.5 902.0
18.2 6.3 5.6 5.8 5.6 1129.0
23.6 4.5 4.5 4.8 5.5 881.0
23.3 4.5 5.6 7.0 5.9 892.0
18.1 6.0 5.6 5.4 4.5 1135.0
25.5 5.7 6.7 4.4 5.8 818.0
18.3 5.7 4.3 6.0 5.8 1125.0
23.4 6.9 6.1 5.6 6.5 887.0
25.0 4.4 6.1 4.3 5.0 831.0
19.3 5.8 4.2 5.6 5.3 1069.0
24.6 4.5 6.1 4.9 4.6 844.0
24.7 6.2 6.7 6.6 6.2 842.0
24.1 5.9 4.4 4.9 6.9 863.0
19.5 5.7 5.9 6.4 5.5 1059.0
24.4 4.2 6.2 4.9 6.8 852.0
25.1 6.0 4.3 6.5 4.9 829.0
19.5 6.2 6.2 5.2 6.9 1059.0
24.6 4.4 5.8 6.5 5.0 844.0
18.4 5.7 6.5 4.8 5.3 1118.0
24.2 5.7 6.5 4.8 4.2 860.0
24.5 5.7 6.5 5.5 6.7 847.0
25.2 4.0 5.1 4.5 5.4 827.0
19.6 6.0 4.8 4.4 5.5 1053.0
24.8 4.4 4.6 6.1 5.3 840.0
19.5 5.8 5.0 6.2 4.7 1056.0
23.2 6.5 5.9 4.6 5.9 895.0
24.8 4.5 7.0 6.1 6.1 839.0
20.1 5.5 5.1 5.9 6.7 1028.0
24.1 6.0 6.9 4.1 4.8 862.0
25.1 4.3 5.2 6.1 4.4 828.0
18.4 6.1 6.3 5.5 5.8 1121.0
25.2 5.8 5.1 4.1 6.9 825.0
24.2 4.5 4.9 6.1 6.8 859.0
19.7 5.5 6.6 6.2 5.5 1048.0
23.9 5.9 5.1 6.8 4.7 868.0
23.7 4.1 5.3 6.3 5.0 875.0
18.4 5.6 4.6 5.0 6.2 1118.0
24.5 5.7 5.1 6.3 6.9 848.0
23.0 4.6 6.9 5.4 5.2 901.0
18.5 6.1 5.1 5.1 4.6 1115.0
23.3 5.9 6.6 6.8 4.9 890.0
24.0 4.6 4.8 5.4 4.6 866.0
19.6 6.2 4.8 4.4 5.8 1052.0
24.7 4.0 6.9 5.2 6.1 841.0
19.8 6.0 5.1 6.6 5.8 1045.0
23.1 4.1 5.4 4.9 6.3 897.0
27.1 5.9 4.7 4.9 5.2 770.0
19.8 5.5 5.5 4.9 6.3 1042.0
